0 21
1 18
2 8
3 34
4 4
5 6
6 19
7 20
8 32
9 17
10 11
11 10
12 17
13 24
14 19
15 10
16 8
17 8
18 19
19 32
20 30
21 2
22 7
23 17
24 4
25 32
26 26
27 5
28 4
29 27
30 8
31 20
32 23
33 3
34 3
35 18
36 23
37 8
38 19
39 9
40 23
41 12
42 9
43 8
44 24
45 8
46 30
47 24
48 29
49 9
50 8
51 27
52 6
53 9
54 18
55 27
56 6
57 10
58 5
59 11
60 24
61 17
62 19
63 18
64 33
65 18
66 25
67 5
68 8
69 19
70 33
71 16
72 19
73 26
74 17
75 14
76 32
77 8
78 30
79 22
80 8
81 2
82 26
83 5
84 26
85 18
86 4
87 32
88 37
89 9
90 26
91 24
92 5
93 24
94 6
95 19
96 7
97 26
98 29
99 20
100 30
101 6
102 6
103 19
104 17
105 6
106 29
107 32
108 18
109 18
110 16
111 6
112 6
113 11
114 36
115 38
116 24
117 16
118 8
119 1
120 8
121 19
122 8
123 19
124 23
125 19
126 37
127 6
128 23
129 32
130 6
131 25
132 5
133 16
134 8
135 5
136 17
137 19
138 6
139 8
140 8
141 20
142 8
143 36
144 8
145 32
146 26
147 22
148 24
149 18
150 11
151 8
152 8
153 2
154 25
155 3
156 26
157 25
158 16
159 25
160 22
161 20
162 1
163 18
164 6
165 8
166 2
167 29
168 5
169 26
170 22
171 18
172 18
173 29
174 19
175 11
176 24
177 24
178 24
179 30
180 30
181 24
182 5
183 11
184 19
185 29
186 17
187 10
188 30
189 35
190 24
191 34
192 8
193 5
194 24
195 7
196 8
197 11
198 31
199 5
200 5
201 17
202 5
203 5
204 28
205 22
206 18
207 32
208 24
209 27
210 22
211 5
212 10
213 37
214 23
215 5
216 5
217 5
218 22
219 12
220 5
221 5
222 31
223 17
224 22
225 26
226 5
227 24
228 4
229 20
230 5
231 19
232 5
233 6
234 5
235 5
236 5
237 5
238 29
239 8
240 26
241 32
242 5
243 2
244 36
245 5
246 30
247 28
248 5
249 5
250 5
251 36
252 21
253 5
254 6
255 24
256 6
257 32
258 5
259 27
260 26
261 32
262 8
263 8
264 11
265 24
266 32
267 10
268 30
269 8
270 6
271 8
272 4
273 4
274 13
275 17
276 2
277 11
278 15
279 2
280 12
281 17
282 14
283 10
284 17
285 8
286 32
287 8
288 5
289 2
290 32
291 2
292 17
293 8
294 8
295 5
296 6
297 9
298 36
299 32
300 19
301 3
302 8
303 28
304 2
305 26
306 8
307 8
308 6
309 26
310 37
311 8
312 8
313 26
314 19
315 32
316 17
317 2
318 17
319 17
320 2
321 30
322 9
323 20
324 8
325 24
326 3
327 19
328 36
329 9
330 36
331 21
332 8
333 31
334 8
335 26
336 32
337 23
338 8
339 29
340 19
341 10
342 23
343 27
344 26
345 5
346 8
347 8
348 7
349 5
350 24
351 8
352 20
353 19
354 8
355 19
356 32
357 26
358 3
359 23
360 19
361 29
362 13
363 5
364 9
365 33
366 5
367 29
368 9
369 30
370 5
371 22
372 25
373 19
374 29
375 28
376 38
377 32
378 2
379 8
380 5
381 6
382 28
383 21
384 16
385 2
386 29
387 6
388 16
389 21
390 32
391 24
392 6
393 26
394 6
395 16
396 17
397 10
398 5
399 3
400 15
401 31
402 5
403 19
404 18
405 18
406 10
407 18
408 30
409 5
410 8
411 37
412 6
413 19
414 14
415 18
416 19
417 8
418 30
419 37
420 19
421 8
422 22
423 32
424 19
425 5
426 4
427 5
428 21
429 29
430 23
431 24
432 29
433 25
434 32
435 6
436 4
437 19
438 29
439 33
440 29
441 38
442 16
443 3
444 23
445 14
446 6
447 18
448 2
449 6
450 7
451 29
452 32
453 22
454 8
455 8
456 34
457 32
458 8
459 13
460 24
461 10
462 8
463 26
464 23
465 9
466 10
467 6
468 8
469 23
470 25
471 4
472 26
473 16
474 11
475 8
476 10
477 32
478 30
479 19
480 5
481 6
482 29
483 9
484 29
485 5
486 19
487 5
488 24
489 19
490 19
491 5
492 19
493 14
494 36
495 6
496 4
497 36
498 9
499 26
500 23
501 24
502 10
503 8
504 11
505 23
506 36
507 5
508 6
509 5
510 9
511 5
512 9
513 2
514 29
515 36
516 3
517 21
518 19
519 30
520 6
521 30
522 30
523 4
524 6
525 8
526 7
527 24
528 8
529 26
530 8
531 33
532 26
533 11
534 24
535 2
536 27
537 18
538 17
539 16
540 16
541 7
542 8
543 19
544 8
545 30
546 26
547 16
548 32
549 8
550 37
551 2
552 37
553 33
554 32
555 14
556 7
557 16
558 30
559 26
560 5
561 9
562 32
563 12
564 22
565 9
566 24
567 28
568 30
569 28
570 24
571 2
572 9
573 11
574 9
575 24
576 29
577 17
578 21
579 1
580 17
581 29
582 14
583 9
584 19
585 25
586 29
587 30
588 20
589 19
590 19
591 24
592 9
593 17
594 5
595 23
596 10
597 30
598 22
599 10
600 19
601 24
602 4
603 18
604 36
605 6
606 11
607 2
608 10
609 32
610 26
611 6
612 16
613 36
614 14
615 2
616 3
617 13
618 14
619 19
620 26
621 26
622 6
623 18
624 16
625 5
626 22
627 20
628 6
629 23
630 23
631 24
632 29
633 19
634 22
635 8
636 24
637 24
638 32
639 24
640 22
641 29
642 22
643 18
644 17
645 19
646 26
647 27
648 16
649 2
650 29
651 22
652 24
653 2
654 10
655 16
656 25
657 26
658 33
659 22
660 6
661 30
662 24
663 29
664 5
665 10
666 6
667 8
668 30
669 6
670 19
671 29
672 8
673 5
674 6
675 19
676 5
677 31
678 26
679 5
680 17
681 9
682 19
683 28
684 32
685 31
686 19
687 10
688 36
689 29
690 26
691 5
692 19
693 24
694 20
695 29
696 29
697 30
698 1
699 20
700 17
701 36
702 29
703 32
704 29
705 6
706 11
707 17
708 33
709 29
710 24
711 8
712 9
713 37
714 28
715 3
716 10
717 34
718 24
719 14
720 7
721 6
722 29
723 11
724 11
725 5
726 20
727 8
728 5
729 32
730 24
731 26
732 7
733 9
734 34
735 32
736 11
737 5
738 17
739 11
740 23
741 11
742 24
743 26
744 11
745 11
746 34
747 17
748 16
749 17
750 32
751 3
752 5
753 18
754 28
755 6
756 11
757 17
758 6
759 5
760 18
761 11
762 2
763 34
764 6
765 16
766 17
767 29
768 26
769 19
770 22
771 8
772 39
773 8
774 5
775 8
776 19
777 8
778 12
779 28
780 30
781 8
782 8
783 24
784 8
785 8
786 35
787 8
788 27
789 8
790 10
791 28
792 8
793 8
794 8
795 8
796 8
797 19
798 8
799 30
800 32
801 24
802 25
803 31
804 32
805 24
806 8
807 19
808 8
809 6
810 19
811 24
812 8
813 19
814 8
815 20
816 8
817 24
818 19
819 19
820 8
821 8
822 8
823 15
824 11
825 19
826 34
827 8
828 2
829 8
830 8
831 22
832 39
833 8
834 11
835 26
836 24
837 33
838 30
839 8
840 8
841 10
842 30
843 8
844 8
845 19
846 8
847 24
848 8
849 19
850 8
851 24
852 8
853 7
854 30
855 32
856 14
857 5
858 5
859 4
860 29
861 1
862 23
863 8
864 10
865 30
866 32
867 32
868 8
869 24
870 22
871 8
872 30
873 5
874 2
875 17
876 6
877 5
878 16
879 22
880 5
881 8
882 19
883 30
884 8
885 6
886 32
887 26
888 8
889 21
890 18
891 30
892 29
893 19
894 30
895 14
896 20
897 30
898 19
899 19
900 32
901 22
902 30
903 16
904 20
905 24
906 38
907 22
908 10
909 30
910 18
911 8
912 32
913 29
914 24
915 24
916 6
917 19
918 3
919 8
920 19
921 2
922 5
923 16
924 24
925 32
926 9
927 5
928 3
929 5
930 2
931 2
932 15
933 8
934 14
935 21
936 19
937 33
938 24
939 21
940 10
941 8
942 2
943 5
944 19
945 30
946 29
947 24
948 24
949 8
950 24
951 26
952 24
953 24
954 7
955 23
956 24
957 24
958 22
959 26
960 7
961 11
962 16
963 24
964 3
965 23
966 30
967 24
968 24
969 24
970 24
971 23
972 5
973 32
974 31
975 24
976 14
977 25
978 29
979 24
980 24
981 19
982 8
983 8
984 24
985 17
986 24
987 21
988 8
989 7
990 21
991 8
992 8
993 19
994 11
995 24
996 22
997 30
998 24
999 8
1000 24
1001 5
1002 8
1003 20
1004 9
1005 26
1006 25
1007 32
1008 30
1009 24
1010 24
1011 24
1012 3
1013 3
1014 3
1015 28
1016 3
1017 1
1018 2
1019 17
1020 17
1021 29
1022 19
1023 6
1024 37
1025 8
1026 23
1027 29
1028 11
1029 24
1030 11
1031 2
1032 8
1033 5
1034 18
1035 35
1036 25
1037 14
1038 8
1039 11
1040 8
1041 2
1042 6
1043 3
1044 20
1045 32
1046 6
1047 32
1048 28
1049 7
1050 32
1051 31
1052 30
1053 8
1054 10
1055 35
1056 20
1057 8
1058 30
1059 6
1060 6
1061 30
1062 34
1063 35
1064 13
1065 36
1066 8
1067 26
1068 32
1069 17
1070 32
1071 2
1072 9
1073 32
1074 24
1075 28
1076 36
1077 6
1078 5
1079 8
1080 6
1081 19
1082 35
1083 10
1084 24
1085 32
1086 22
1087 6
1088 26
1089 2
1090 1
1091 29
1092 32
1093 6
1094 6
1095 36
1096 2
1097 32
1098 10
1099 22
1100 19
1101 2
1102 2
1103 34
1104 6
1105 27
1106 2
1107 2
1108 24
1109 32
1110 2
1111 26
1112 31
1113 6
1114 19
1115 6
1116 35
1117 10
1118 11
1119 3
1120 6
1121 2
1122 10
1123 10
1124 8
1125 27
1126 2
1127 10
1128 9
1129 2
1130 2
1131 10
1132 10
1133 9
1134 6
1135 14
1136 14
1137 24
1138 26
1139 2
1140 10
1141 24
1142 9
1143 8
1144 18
1145 10
1146 10
1147 2
1148 8
1149 6
1150 19
1151 7
1152 2
1153 9
1154 2
1155 24
1156 35
1157 5
1158 2
1159 20
1160 2
1161 28
1162 8
1163 16
1164 9
1165 10
1166 16
1167 19
1168 18
1169 2
1170 6
1171 3
1172 21
1173 2
1174 6
1175 6
1176 5
1177 3
1178 28
1179 19
1180 19
1181 17
1182 6
1183 8
1184 10
1185 8
1186 10
1187 8
1188 8
1189 3
1190 36
1191 2
1192 19
1193 8
1194 19
1195 19
1196 20
1197 6
1198 19
1199 30
1200 22
1201 18
1202 1
1203 18
1204 36
1205 2
1206 25
1207 30
1208 27
1209 2
1210 17
1211 3
1212 38
1213 32
1214 33
1215 29
1216 8
1217 24
1218 32
1219 24
1220 26
1221 8
1222 21
1223 5
1224 30
1225 10
1226 8
1227 32
1228 9
1229 22
1230 8
1231 22
1232 17
1233 19
1234 7
1235 24
1236 6
1237 9
1238 22
1239 28
1240 9
1241 21
1242 10
1243 8
1244 26
1245 28
1246 17
1247 4
1248 27
1249 23
1250 24
1251 24
1252 25
1253 14
1254 21
1255 11
1256 19
1257 24
1258 7
1259 30
1260 24
1261 34
1262 10
1263 36
1264 11
1265 8
1266 3
1267 26
1268 7
1269 30
1270 36
1271 5
1272 8
1273 5
1274 2
1275 17
1276 8
1277 8
1278 27
1279 8
1280 3
1281 10
1282 3
1283 8
1284 24
1285 11
1286 8
1287 24
1288 6
1289 22
1290 8
1291 8
1292 24
1293 24
1294 5
1295 24
1296 2
1297 7
1298 8
1299 19
1300 23
1301 24
1302 14
1303 8
1304 8
1305 19
1306 6
1307 5
1308 3
1309 24
1310 3
1311 1
1312 8
1313 22
1314 20
1315 24
1316 27
1317 7
1318 9
1319 20
1320 30
1321 3
1322 34
1323 24
1324 16
1325 16
1326 6
1327 26
1328 33
1329 16
1330 25
1331 6
1332 7
1333 18
1334 8
1335 6
1336 25
1337 17
1338 16
1339 19
1340 12
1341 19
1342 21
1343 6
1344 24
1345 9
1346 32
1347 10
1348 5
1349 6
1350 19
1351 24
1352 3
1353 11
1354 8
1355 3
1356 3
1357 9
1358 18
1359 35
1360 3
1361 10
1362 3
1363 17
1364 21
1365 3
1366 2
1367 6
1368 3
1369 23
1370 10
1371 18
1372 9
1373 30
1374 3
1375 35
1376 8
1377 3
1378 7
1379 19
1380 5
1381 3
1382 24
1383 3
1384 3
1385 18
1386 22
1387 32
1388 3
1389 17
1390 3
1391 6
1392 8
1393 23
1394 9
1395 3
1396 3
1397 17
1398 3
1399 32
1400 6
1401 3
1402 3
1403 3
1404 3
1405 8
1406 3
1407 6
1408 3
1409 3
1410 8
1411 25
1412 8
1413 28
1414 24
1415 19
1416 6
1417 5
1418 3
1419 19
1420 18
1421 19
1422 10
1423 29
1424 23
1425 19
1426 4
1427 7
1428 25
1429 32
1430 20
1431 13
1432 19
1433 18
1434 8
1435 8
1436 30
1437 8
1438 24
1439 8
1440 31
1441 37
1442 11
1443 1
1444 16
1445 20
1446 15
1447 5
1448 20
1449 23
1450 14
1451 8
1452 7
1453 8
1454 6
1455 10
1456 7
1457 6
1458 21
1459 30
1460 19
1461 24
1462 8
1463 18
1464 37
1465 29
1466 29
1467 24
1468 36
1469 24
1470 26
1471 9
1472 32
1473 26
1474 10
1475 5
1476 36
1477 5
1478 5
1479 21
1480 26
1481 2
1482 2
1483 5
1484 22
1485 5
1486 5
1487 24
1488 25
1489 18
1490 5
1491 23
1492 8
1493 19
1494 14
1495 8
1496 38
1497 2
1498 8
1499 26
1500 2
1501 14
1502 26
1503 16
1504 23
1505 26
1506 5
1507 11
1508 7
1509 9
1510 5
1511 30
1512 7
1513 3
1514 23
1515 25
1516 30
1517 16
1518 30
1519 10
1520 7
1521 19
1522 5
1523 7
1524 7
1525 19
1526 19
1527 11
1528 11
1529 11
1530 19
1531 2
1532 6
1533 20
1534 2
1535 26
1536 18
1537 9
1538 24
1539 22
1540 32
1541 9
1542 25
1543 8
1544 24
1545 19
1546 16
1547 5
1548 19
1549 4
1550 23
1551 24
1552 24
1553 15
1554 20
1555 23
1556 24
1557 30
1558 34
1559 32
1560 39
1561 23
1562 24
1563 24
1564 7
1565 24
1566 23
1567 10
1568 24
1569 26
1570 4
1571 21
1572 32
1573 11
1574 24
1575 7
1576 8
1577 32
1578 6
1579 19
1580 30
1581 8
1582 19
1583 25
1584 23
1585 20
1586 24
1587 24
1588 8
1589 8
1590 10
1591 6
1592 8
1593 8
1594 5
1595 2
1596 30
1597 26
1598 1
1599 19
1600 32
1601 6
1602 16
1603 29
1604 30
1605 11
1606 16
1607 19
1608 11
1609 19
1610 11
1611 6
1612 25
1613 23
1614 22
1615 17
1616 3
1617 6
1618 17
1619 6
1620 19
1621 28
1622 8
1623 6
1624 6
1625 4
1626 4
1627 8
1628 11
1629 11
1630 30
1631 24
1632 19
1633 24
1634 6
1635 5
1636 2
1637 22
1638 8
1639 8
1640 26
1641 24
1642 24
1643 24
1644 8
1645 25
1646 26
1647 2
1648 25
1649 6
1650 26
1651 19
1652 14
1653 8
1654 34
1655 29
1656 19
1657 8
1658 29
1659 29
1660 11
1661 11
1662 9
1663 34
1664 11
1665 23
1666 11
1667 6
1668 8
1669 26
1670 33
1671 11
1672 26
1673 18
1674 7
1675 7
1676 11
1677 11
1678 7
1679 25
1680 8
1681 4
1682 9
1683 9
1684 6
1685 10
1686 33
1687 18
1688 37
1689 29
1690 30
1691 24
1692 10
1693 11
1694 6
1695 6
1696 8
1697 20
1698 30
1699 8
1700 19
1701 3
1702 21
1703 19
1704 24
1705 18
1706 30
1707 7
1708 24
1709 10
1710 19
1711 24
1712 25
1713 24
1714 18
1715 8
1716 19
1717 22
1718 24
1719 24
1720 24
1721 11
1722 24
1723 24
1724 24
1725 16
1726 19
1727 19
1728 24
1729 27
1730 32
1731 21
1732 2
1733 2
1734 22
1735 27
1736 11
1737 11
1738 11
1739 8
1740 18
1741 11
1742 17
1743 8
1744 11
1745 11
1746 11
1747 9
1748 5
1749 2
1750 22
1751 2
1752 3
1753 14
1754 24
1755 11
1756 11
1757 11
1758 11
1759 23
1760 11
1761 17
1762 10
1763 11
1764 11
1765 10
1766 19
1767 16
1768 30
1769 7
1770 17
1771 17
1772 30
1773 23
1774 23
1775 23
1776 8
1777 23
1778 23
1779 20
1780 8
1781 8
1782 17
1783 4
1784 19
1785 23
1786 26
1787 23
1788 5
1789 23
1790 23
1791 23
1792 36
1793 23
1794 19
1795 24
1796 23
1797 19
1798 36
1799 6
1800 3
1801 32
1802 28
1803 24
1804 29
1805 6
1806 24
1807 14
1808 30
1809 20
1810 5
1811 8
1812 6
1813 2
1814 7
1815 37
1816 36
1817 6
1818 24
1819 2
1820 5
1821 36
1822 18
1823 24
1824 15
1825 20
1826 19
1827 8
1828 26
1829 6
1830 19
1831 6
1832 26
1833 24
1834 21
1835 19
1836 8
1837 36
1838 21
1839 6
1840 9
1841 4
1842 35
1843 32
1844 26
1845 22
1846 22
1847 24
1848 23
1849 19
1850 27
1851 24
1852 19
1853 26
1854 32
1855 19
1856 6
1857 28
1858 28
1859 15
1860 8
1861 24
1862 6
1863 19
1864 19
1865 29
1866 5
1867 23
1868 19
1869 30
1870 18
1871 8
1872 22
1873 3
1874 2
1875 24
1876 8
1877 11
1878 11
1879 6
1880 3
1881 8
1882 9
1883 24
1884 30
1885 11
1886 18
1887 7
1888 8
1889 25
1890 6
1891 6
1892 8
1893 26
1894 18
1895 8
1896 16
1897 32
1898 19
1899 24
1900 11
1901 10
1902 3
1903 9
1904 38
1905 19
1906 19
1907 10
1908 16
1909 16
1910 6
1911 24
1912 7
1913 30
1914 34
1915 33
1916 24
1917 6
1918 2
1919 3
1920 30
1921 32
1922 7
1923 24
1924 5
1925 20
1926 3
1927 24
1928 3
1929 5
1930 8
1931 18
1932 11
1933 6
1934 30
1935 25
1936 25
1937 25
1938 30
1939 25
1940 25
1941 21
1942 32
1943 6
1944 6
1945 7
1946 20
1947 8
1948 2
1949 9
1950 36
1951 20
1952 5
1953 3
1954 22
1955 2
1956 8
1957 9
1958 23
1959 8
1960 30
1961 36
1962 8
1963 5
1964 30
1965 17
1966 11
1967 23
1968 24
1969 11
1970 2
1971 23
1972 32
1973 8
1974 24
1975 20
1976 19
1977 15
1978 25
1979 19
1980 5
1981 24
1982 9
1983 4
1984 28
1985 6
1986 24
1987 11
1988 6
1989 9
1990 9
1991 8
1992 23
1993 25
1994 3
1995 23
1996 33
1997 17
1998 10
1999 23
2000 5
2001 5
2002 6
2003 5
2004 19
2005 15
2006 2
2007 32
2008 23
2009 5
2010 17
2011 6
2012 16
2013 16
2014 18
2015 6
2016 17
2017 10
2018 32
2019 3
2020 7
2021 28
2022 6
2023 36
2024 31
2025 20
2026 3
2027 37
2028 9
2029 6
2030 8
2031 27
2032 6
2033 6
2034 6
2035 6
2036 6
2037 16
2038 8
2039 16
2040 8
2041 21
2042 23
2043 17
2044 24
2045 16
2046 30
2047 24
2048 30
2049 19
2050 17
2051 16
2052 25
2053 23
2054 37
2055 23
2056 14
2057 7
2058 26
2059 7
2060 7
2061 24
2062 24
2063 6
2064 7
2065 21
2066 21
2067 25
2068 32
2069 21
2070 21
2071 24
2072 24
2073 34
2074 24
2075 24
2076 24
2077 24
2078 30
2079 24
2080 24
2081 19
2082 4
2083 19
2084 36
2085 14
2086 24
2087 6
2088 5
2089 30
2090 5
2091 6
2092 28
2093 24
2094 24
2095 17
2096 2
2097 30
2098 33
2099 24
2100 8
2101 24
2102 36
2103 10
2104 10
2105 32
2106 10
2107 17
2108 3
2109 8
2110 4
2111 31
2112 8
2113 31
2114 32
2115 31
2116 11
2117 34
2118 32
2119 9
2120 17
2121 26
2122 13
2123 14
2124 20
2125 18
2126 21
2127 30
2128 10
2129 8
2130 16
2131 24
2132 22
2133 7
2134 7
2135 22
2136 5
2137 2
2138 17
2139 5
2140 5
2141 19
2142 5
2143 5
2144 16
2145 16
2146 8
2147 20
2148 32
2149 8
2150 16
2151 19
2152 24
2153 5
2154 23
2155 30
2156 31
2157 31
2158 5
2159 11
2160 26
2161 4
2162 23
2163 11
2164 24
2165 6
2166 8
2167 10
2168 17
2169 3
2170 23
2171 5
2172 3
2173 17
2174 8
2175 5
2176 3
2177 10
2178 30
2179 6
2180 8
2181 3
2182 20
2183 3
2184 23
2185 34
2186 3
2187 10
2188 24
2189 36
2190 17
2191 8
2192 2
2193 21
2194 16
2195 11
2196 11
2197 11
2198 11
2199 35
2200 5
2201 8
2202 33
2203 11
2204 11
2205 14
2206 2
2207 11
2208 25
2209 2
2210 14
2211 11
2212 11
2213 6
2214 10
2215 21
2216 2
2217 11
2218 20
2219 2
2220 5
2221 11
2222 11
2223 2
2224 11
2225 11
2226 11
2227 11
2228 11
2229 17
2230 11
2231 3
2232 18
2233 7
2234 11
2235 20
2236 17
2237 14
2238 18
2239 11
2240 11
2241 11
2242 8
2243 11
2244 14
2245 11
2246 7
2247 11
2248 11
2249 19
2250 30
2251 16
2252 11
2253 2
2254 11
2255 2
2256 21
2257 11
2258 8
2259 16
2260 21
2261 11
2262 34
2263 11
2264 11
2265 11
2266 24
2267 24
2268 24
2269 30
2270 24
2271 24
2272 24
2273 19
2274 5
2275 15
2276 14
2277 26
2278 7
2279 5
2280 20
2281 2
2282 2
2283 17
2284 7
2285 7
2286 17
2287 5
2288 34
2289 22
2290 7
2291 11
2292 7
2293 7
2294 7
2295 19
2296 8
2297 6
2298 7
2299 14
2300 32
2301 22
2302 31
2303 5
2304 4
2305 9
2306 32
2307 25
2308 34
2309 32
2310 20
2311 17
2312 26
2313 7
2314 26
2315 34
2316 29
2317 22
2318 12
2319 23
2320 9
2321 19
2322 7
2323 26
2324 3
2325 16
2326 28
2327 6
2328 30
2329 32
2330 6
2331 30
2332 8
2333 20
2334 8
2335 6
2336 20
2337 24
2338 5
2339 9
2340 7
2341 37
2342 24
2343 24
2344 8
2345 2
2346 11
2347 30
2348 14
2349 7
2350 4
2351 20
2352 14
2353 8
2354 32
2355 9
2356 3
2357 18
2358 9
2359 24
2360 9
2361 6
2362 25
2363 26
2364 16
2365 18
2366 18
2367 5
2368 28
2369 14
2370 23
2371 22
2372 8
2373 8
2374 30
2375 9
2376 6
2377 6
2378 19
2379 27
2380 8
2381 8
2382 19
2383 2
2384 18
2385 11
2386 24
2387 20
2388 11
2389 8
2390 16
2391 10
2392 10
2393 23
2394 19
2395 27
2396 17
2397 8
2398 8
2399 8
2400 29
2401 36
2402 25
2403 8
2404 30
2405 14
2406 10
2407 19
2408 18
2409 32
2410 6
2411 30
2412 16
2413 16
2414 20
2415 6
2416 25
2417 20
2418 24
2419 17
2420 18
2421 34
2422 25
2423 9
2424 3
2425 16
2426 30
2427 16
2428 13
2429 8
2430 32
2431 25
2432 17
2433 19
2434 10
2435 17
2436 14
2437 9
2438 19
2439 32
2440 26
2441 16
2442 19
2443 30
2444 25
2445 10
2446 9
2447 25
2448 6
2449 24
2450 26
2451 10
2452 19
2453 20
2454 21
2455 19
2456 8
2457 5
2458 8
2459 23
2460 26
2461 5
2462 1
2463 24
2464 17
2465 8
2466 19
2467 19
2468 22
2469 4
2470 33
2471 16
2472 19
2473 5
2474 5
2475 8
2476 19
2477 2
2478 22
2479 36
2480 10
2481 32
2482 6
2483 9
2484 32
2485 32
2486 9
2487 16
2488 22
2489 4
2490 8
2491 5
2492 19
2493 29
2494 38
2495 19
2496 5
2497 18
2498 30
2499 37
2500 19
2501 19
2502 36
2503 8
2504 19
2505 19
2506 24
2507 3
2508 15
2509 19
2510 16
2511 19
2512 6
2513 6
2514 19
2515 29
2516 17
2517 9
2518 2
2519 2
2520 17
2521 8
2522 6
2523 32
2524 33
2525 7
2526 20
2527 30
2528 3
2529 7
2530 18
2531 32
2532 38
2533 5
2534 26
2535 18
2536 3
2537 28
2538 8
2539 38
2540 13
2541 30
2542 6
2543 19
2544 2
2545 37
2546 11
2547 30
2548 20
2549 3
2550 30
2551 27
2552 16
2553 11
2554 19
2555 28
2556 30
2557 1
2558 30
2559 17
2560 9
2561 11
2562 30
2563 20
2564 19
2565 9
2566 8
2567 5
2568 32
2569 23
2570 19
2571 19
2572 8
2573 19
2574 4
2575 10
2576 8
2577 8
2578 6
2579 29
2580 9
2581 34
2582 17
2583 9
2584 6
2585 29
2586 24
2587 3
2588 3
2589 28
2590 30
2591 23
2592 26
2593 11
2594 24
2595 28
2596 3
2597 32
2598 19
2599 3
2600 19
2601 10
2602 11
2603 5
2604 18
2605 33
2606 18
2607 21
2608 25
2609 28
2610 14
2611 14
2612 32
2613 38
2614 24
2615 31
2616 32
2617 28
2618 35
2619 29
2620 8
2621 24
2622 24
2623 9
2624 32
2625 16
2626 11
2627 5
2628 10
2629 25
2630 23
2631 5
2632 17
2633 32
2634 6
2635 5
2636 24
2637 9
2638 22
2639 5
2640 8
2641 30
2642 24
2643 10
2644 25
2645 11
2646 5
2647 19
2648 11
2649 24
2650 7
2651 6
2652 32
2653 25
2654 19
2655 6
2656 24
2657 22
2658 6
2659 1
2660 8
2661 4
2662 19
2663 11
2664 19
2665 6
2666 11
2667 6
2668 21
2669 30
2670 24
2671 18
2672 19
2673 24
2674 10
2675 29
2676 11
2677 14
2678 19
2679 24
2680 18
2681 16
2682 18
2683 29
2684 9
2685 16
2686 30
2687 2
2688 7
2689 36
2690 23
2691 22
2692 31
2693 22
2694 30
2695 22
2696 31
2697 22
2698 19
2699 18
2700 19
2701 16
2702 19
2703 19
2704 19
2705 19
2706 27
2707 21
2708 21
2709 19
2710 17
2711 3
2712 19
2713 29
2714 16
2715 10
2716 29
2717 28
2718 19
2719 25
2720 2
2721 32
2722 10
2723 19
2724 35
2725 21
2726 1
2727 22
2728 3
2729 5
2730 14
2731 2
2732 9
2733 24
2734 16
2735 8
2736 24
2737 33
2738 34
2739 10
2740 11
2741 22
2742 19
2743 23
2744 8
2745 22
2746 24
2747 8
2748 30
2749 5
2750 18
2751 8
2752 30
2753 9
2754 24
2755 24
2756 16
2757 32
2758 3
2759 8
2760 10
2761 32
2762 10
2763 2
2764 22
2765 37
2766 17
2767 19
2768 25
2769 19
2770 18
2771 2
2772 2
2773 22
2774 34
2775 33
2776 24
2777 16
2778 24
2779 24
2780 24
2781 24
2782 8
2783 32
2784 30
2785 30
2786 24
2787 24
2788 9
2789 24
2790 24
2791 24
2792 24
2793 24
2794 24
2795 8
2796 2
2797 9
2798 4
2799 8
2800 6
2801 8
2802 8
2803 22
2804 9
2805 8
2806 18
2807 17
2808 8
2809 8
2810 8
2811 36
2812 8
2813 28
2814 16
2815 28
2816 22
2817 6
2818 6
2819 30
2820 8
2821 28
2822 28
2823 28
2824 7
2825 9
2826 20
2827 17
2828 17
2829 26
2830 8
2831 5
2832 22
2833 8
2834 5
2835 18
2836 10
2837 8
2838 8
2839 6
2840 8
2841 32
2842 15
2843 32
2844 5
2845 8
2846 26
2847 18
2848 10
2849 30
2850 8
2851 5
2852 9
2853 8
2854 10
2855 1
2856 8
2857 17
2858 5
2859 2
2860 7
2861 18
2862 18
2863 20
2864 25
2865 8
2866 8
2867 16
2868 17
2869 2
2870 5
2871 6
2872 19
2873 2
2874 19
2875 36
2876 3
2877 26
2878 5
2879 18
2880 11
2881 6
2882 2
2883 19
2884 8
2885 24
2886 8
2887 2
2888 10
2889 36
2890 19
2891 25
2892 3
2893 11
2894 3
2895 30
2896 30
2897 1
2898 14
2899 31
2900 12
2901 6
2902 20
2903 26
2904 10
2905 16
2906 9
2907 2
2908 7
2909 6
2910 22
2911 6
2912 8
2913 9
2914 9
2915 8
2916 8
2917 38
2918 5
2919 2
2920 19
2921 4
2922 24
2923 29
2924 2
2925 8
2926 25
2927 31
2928 29
2929 19
2930 24
2931 8
2932 8
2933 8
2934 8
2935 26
2936 20
2937 22
2938 21
2939 35
2940 8
2941 30
2942 5
2943 8
2944 8
2945 30
2946 30
2947 8
2948 11
2949 19
2950 22
2951 5
2952 30
2953 30
2954 5
2955 23
2956 17
2957 19
2958 5
2959 24
2960 30
2961 8
2962 19
2963 30
2964 3
2965 19
2966 20
2967 32
2968 2
2969 25
2970 17
2971 25
2972 24
2973 24
2974 17
2975 5
2976 24
2977 10
2978 30
2979 11
2980 11
2981 8
2982 17
2983 2
2984 19
2985 17
2986 8
2987 8
2988 20
2989 6
2990 19
2991 8
2992 5
2993 24
2994 24
2995 17
2996 8
2997 11
2998 19
2999 2
3000 8
3001 26
3002 20
3003 7
3004 24
3005 18
3006 26
3007 8
3008 32
3009 29
3010 11
3011 8
3012 11
3013 32
3014 30
3015 8
3016 10
3017 22
3018 22
3019 31
3020 30
3021 2
3022 30
3023 3
3024 5
3025 30
3026 29
3027 2
3028 3
3029 27
3030 26
3031 24
3032 24
3033 9
3034 8
3035 5
3036 22
3037 17
3038 24
3039 24
3040 24
3041 2
3042 21
3043 18
3044 8
3045 8
3046 24
3047 24
3048 24
3049 3
3050 8
3051 24
3052 32
3053 24
3054 24
3055 24
3056 23
3057 6
3058 30
3059 18
3060 22
3061 22
3062 21
3063 2
3064 6
3065 9
3066 26
3067 32
3068 32
3069 5
3070 8
3071 30
3072 11
3073 22
3074 21
3075 17
3076 2
3077 18
3078 30
3079 33
3080 10
3081 24
3082 2
3083 18
3084 3
3085 2
3086 6
3087 24
3088 32
3089 2
3090 24
3091 6
3092 19
3093 10
3094 5
3095 9
3096 2
3097 17
3098 27
3099 3
3100 37
3101 8
3102 36
3103 20
3104 17
3105 3
3106 3
3107 10
3108 5
3109 24
3110 6
3111 24
3112 10
3113 8
3114 24
3115 30
3116 5
3117 3
3118 8
3119 8
3120 18
3121 24
3122 22
3123 3
3124 14
3125 22
3126 8
3127 8
3128 3
3129 6
3130 27
3131 17
3132 10
3133 8
3134 19
3135 6
3136 17
3137 10
3138 3
3139 8
3140 17
3141 3
3142 24
3143 24
3144 33
3145 23
3146 6
3147 24
3148 8
3149 5
3150 26
3151 19
3152 14
3153 24
3154 19
3155 9
3156 23
3157 7
3158 5
3159 18
3160 20
3161 23
3162 14
3163 24
3164 21
3165 9
3166 24
3167 8
3168 7
3169 19
3170 3
3171 23
3172 8
3173 2
3174 7
3175 3
3176 18
3177 11
3178 5
3179 18
3180 24
3181 24
3182 21
3183 8
3184 8
3185 3
3186 22
3187 21
3188 8
3189 6
3190 27
3191 18
3192 32
3193 16
3194 31
3195 30
3196 19
3197 24
3198 20
3199 11
3200 7
3201 17
3202 2
3203 8
3204 37
3205 37
3206 8
3207 30
3208 21
3209 32
3210 2
3211 24
3212 24
3213 10
3214 8
3215 8
3216 20
3217 26
3218 27
3219 8
3220 14
3221 32
3222 16
3223 3
3224 5
3225 10
3226 6
3227 2
3228 7
3229 30
3230 6
3231 23
3232 17
3233 30
3234 34
3235 30
3236 29
3237 26
3238 5
3239 3
3240 20
3241 6
3242 17
3243 8
3244 26
3245 23
3246 6
3247 24
3248 23
3249 2
3250 14
3251 26
3252 24
3253 32
3254 30
3255 4
3256 19
3257 10
3258 22
3259 4
3260 5
3261 4
3262 38
3263 7
3264 11
3265 24
3266 9
3267 3
3268 8
3269 3
3270 26
3271 5
3272 9
3273 8
3274 30
3275 11
3276 24
3277 5
3278 26
3279 19
3280 19
3281 5
3282 26
3283 23
3284 5
3285 5
3286 3
3287 5
3288 3
3289 3
3290 18
3291 14
3292 5
3293 32
3294 10
3295 8
3296 8
3297 16
3298 8
3299 2
3300 22
3301 23
3302 9
3303 10
3304 6
3305 24
3306 18
3307 24
3308 16
3309 19
3310 24
3311 14
3312 24
3313 6
3314 22
3315 26
3316 16
3317 24
3318 24
3319 23
3320 24
3321 10
3322 17
3323 5
3324 26
3325 6
3326 8
3327 10
3328 5
3329 9
3330 19
3331 19
3332 5
3333 32
3334 6
3335 6
3336 11
3337 8
3338 9
3339 24
3340 25
3341 19
3342 2
3343 8
3344 18
3345 23
3346 6
3347 7
3348 8
3349 30
3350 8
3351 16
3352 20
3353 31
3354 27
3355 14
3356 10
3357 6
3358 8
3359 3
3360 26
3361 24
3362 30
3363 17
3364 2
3365 20
3366 34
3367 8
3368 24
3369 34
3370 8
3371 19
3372 17
3373 21
3374 4
3375 6
3376 24
3377 19
3378 24
3379 19
3380 24
3381 24
3382 8
3383 3
3384 30
3385 24
3386 32
3387 24
3388 24
3389 2
3390 24
3391 17
3392 19
3393 5
3394 17
3395 30
3396 2
3397 23
3398 9
3399 2
3400 18
3401 8
3402 14
3403 18
3404 24
3405 24
3406 6
3407 2
3408 7
3409 2
3410 26
3411 30
3412 2
3413 8
3414 18
3415 32
3416 5
3417 23
3418 19
3419 8
3420 10
3421 20
3422 5
3423 24
3424 2
3425 27
3426 21
3427 11
3428 11
3429 7
3430 24
3431 8
3432 16
3433 10
3434 2
3435 20
3436 5
3437 28
3438 33
3439 23
3440 32
3441 33
3442 24
3443 21
3444 6
3445 5
3446 21
3447 18
3448 24
3449 6
3450 3
3451 14
3452 8
3453 24
3454 6
3455 8
3456 26
3457 30
3458 9
3459 8
3460 23
3461 2
3462 17
3463 16
3464 8
3465 16
3466 11
3467 6
3468 6
3469 5
3470 10
3471 8
3472 9
3473 3
3474 5
3475 6
3476 32
3477 5
3478 2
3479 10
3480 2
3481 24
3482 8
3483 8
3484 8
3485 6
3486 3
3487 6
3488 8
3489 6
3490 8
3491 8
3492 22
3493 26
3494 9
3495 8
3496 11
3497 21
3498 8
3499 1
3500 16
3501 11
3502 14
3503 24
3504 19
3505 8
3506 35
3507 24
3508 24
3509 6
3510 2
3511 6
3512 3
3513 3
3514 17
3515 11
3516 35
3517 8
3518 3
3519 11
3520 4
3521 2
3522 32
3523 3
3524 5
3525 36
3526 2
3527 24
3528 8
3529 6
3530 20
3531 8
3532 2
3533 23
3534 2
3535 9
3536 30
3537 12
3538 6
3539 24
3540 6
3541 24
3542 27
3543 32
3544 31
3545 30
3546 9
3547 5
3548 4
3549 25
3550 3
3551 23
3552 24
3553 8
3554 24
3555 22
3556 3
3557 24
3558 24
3559 19
3560 14
3561 6
3562 19
3563 6
3564 8
3565 37
3566 33
3567 2
3568 24
3569 8
3570 7
3571 9
3572 7
3573 34
3574 6
3575 18
3576 16
3577 16
3578 8
3579 5
3580 30
3581 34
3582 33
3583 7
3584 5
3585 21
3586 19
3587 8
3588 23
3589 11
3590 10
3591 8
3592 11
3593 8
3594 2
3595 32
3596 6
3597 24
3598 24
3599 18
3600 20
3601 6
3602 30
3603 2
3604 29
3605 9
3606 10
3607 5
3608 30
3609 3
3610 10
3611 5
3612 20
3613 8
3614 23
3615 8
3616 27
3617 17
3618 26
3619 2
3620 23
3621 8
3622 11
3623 23
3624 31
3625 16
3626 25
3627 11
3628 24
3629 31
3630 3
3631 17
3632 18
3633 24
3634 2
3635 7
3636 7
3637 20
3638 36
3639 36
3640 19
3641 36
3642 14
3643 25
3644 17
3645 5
3646 19
3647 18
3648 17
3649 23
3650 19
3651 25
3652 11
3653 8
3654 8
3655 19
3656 7
3657 29
3658 8
3659 8
3660 18
3661 24
3662 24
3663 14
3664 30
3665 6
3666 20
3667 16
3668 5
3669 8
3670 5
3671 8
3672 26
3673 8
3674 32
3675 19
3676 17
3677 5
3678 8
3679 18
3680 18
3681 6
3682 24
3683 24
3684 8
3685 3
3686 23
3687 18
3688 12
3689 23
3690 11
3691 23
3692 3
3693 8
3694 32
3695 21
3696 25
3697 26
3698 7
3699 33
3700 8
3701 24
3702 6
3703 11
3704 28
3705 8
3706 8
3707 2
3708 17
3709 24
3710 3
3711 11
3712 19
3713 28
3714 3
3715 33
3716 17
3717 16
3718 2
3719 33
3720 3
3721 4
3722 10
3723 23
3724 5
3725 17
3726 8
3727 8
3728 25
3729 2
3730 24
3731 3
3732 32
3733 24
3734 8
3735 9
3736 10
3737 5
3738 32
3739 17
3740 6
3741 25
3742 2
3743 8
3744 19
3745 19
3746 23
3747 29
3748 25
3749 14
3750 22
3751 22
3752 24
3753 22
3754 23
3755 9
3756 8
3757 23
3758 23
3759 19
3760 4
3761 7
3762 14
3763 23
3764 10
3765 8
3766 19
3767 30
3768 17
3769 24
3770 24
3771 5
3772 10
3773 8
3774 10
3775 16
3776 8
3777 19
3778 24
3779 24
3780 16
3781 32
3782 8
3783 25
3784 3
3785 3
3786 16
3787 6
3788 3
3789 19
3790 14
3791 24
3792 8
3793 30
3794 36
3795 23
3796 23
3797 17
3798 12
3799 32
3800 3
3801 24
3802 2
3803 17
3804 10
3805 3
3806 17
3807 6
3808 8
3809 26
3810 26
3811 30
3812 14
3813 2
3814 16
3815 24
3816 14
3817 32
3818 8
3819 6
3820 19
3821 22
3822 8
3823 8
3824 25
3825 8
3826 17
3827 5
3828 25
3829 23
3830 16
3831 14
3832 6
3833 9
3834 1
3835 5
3836 18
3837 17
3838 10
3839 11
3840 16
3841 33
3842 23
3843 33
3844 26
3845 16
3846 8
3847 11
3848 17
3849 26
3850 30
3851 18
3852 32
3853 19
3854 32
3855 25
3856 12
3857 30
3858 19
3859 22
3860 17
3861 24
3862 18
3863 19
3864 5
3865 26
3866 6
3867 17
3868 26
3869 14
3870 22
3871 36
3872 5
3873 25
3874 7
3875 19
3876 8
3877 11
3878 33
3879 25
3880 4
3881 25
3882 24
3883 13
3884 2
3885 6
3886 24
3887 17
3888 3
3889 16
3890 5
3891 17
3892 19
3893 10
3894 19
3895 30
3896 36
3897 19
3898 24
3899 19
3900 9
3901 14
3902 19
3903 3
3904 9
3905 9
3906 5
3907 2
3908 20
3909 6
3910 7
3911 24
3912 2
3913 14
3914 6
3915 19
3916 24
3917 32
3918 11
3919 25
3920 11
3921 10
3922 20
3923 23
3924 8
3925 14
3926 12
3927 26
3928 24
3929 32
3930 3
3931 11
3932 19
3933 32
3934 27
3935 21
3936 30
3937 28
3938 32
3939 30
3940 8
3941 18
3942 33
3943 24
3944 5
3945 24
3946 24
3947 8
3948 16
3949 5
3950 6
3951 29
3952 6
3953 5
3954 32
3955 20
3956 2
3957 5
3958 6
3959 6
3960 14
3961 19
3962 30
3963 17
3964 2
3965 14
3966 16
3967 6
3968 5
3969 22
3970 25
3971 30
3972 5
3973 7
3974 24
3975 24
3976 11
3977 25
3978 6
3979 23
3980 25
3981 30
3982 8
3983 33
3984 8
3985 20
3986 8
3987 25
3988 26
3989 5
3990 17
3991 32
3992 24
3993 23
3994 25
3995 24
3996 19
3997 6
3998 8
3999 5
4000 5
4001 8
4002 20
4003 3
4004 35
4005 25
4006 24
4007 25
4008 24
4009 10
4010 4
4011 8
4012 6
4013 20
4014 11
4015 5
4016 5
4017 8
4018 7
4019 8
4020 8
4021 6
4022 32
4023 6
4024 3
4025 22
4026 32
4027 17
4028 20
4029 6
4030 24
4031 33
4032 26
4033 14
4034 19
4035 5
4036 24
4037 27
4038 17
4039 24
4040 23
4041 16
4042 19
4043 17
4044 17
4045 16
4046 20
4047 21
4048 24
4049 2
4050 18
4051 19
4052 20
4053 21
4054 16
4055 3
4056 30
4057 33
4058 25
4059 29
4060 21
4061 5
4062 5
4063 21
4064 21
4065 19
4066 2
4067 31
4068 5
4069 17
4070 21
4071 14
4072 2
4073 21
4074 10
4075 10
4076 5
4077 8
4078 33
4079 8
4080 16
4081 8
4082 24
4083 8
4084 6
4085 19
4086 6
4087 3
4088 22
4089 28
4090 6
4091 24
4092 10
4093 21
4094 4
4095 19
4096 3
4097 29
4098 6
4099 30
4100 11
4101 2
4102 24
4103 14
4104 19
4105 24
4106 2
4107 24
4108 24
4109 10
4110 38
4111 19
4112 14
4113 22
4114 8
4115 5
4116 5
4117 9
4118 11
4119 25
4120 24
4121 24
4122 20
4123 2
4124 17
4125 16
4126 24
4127 23
4128 24
4129 36
4130 20
4131 18
4132 3
4133 11
4134 25
4135 10
4136 14
4137 11
4138 19
4139 14
4140 14
4141 23
4142 19
4143 11
4144 21
4145 36
4146 8
4147 17
4148 14
4149 9
4150 2
4151 11
4152 2
4153 30
4154 2
4155 19
4156 10
4157 18
4158 32
4159 11
4160 18
4161 19
4162 30
4163 19
4164 7
4165 30
4166 30
4167 24
4168 11
4169 19
4170 24
4171 6
4172 6
4173 34
4174 23
4175 6
4176 35
4177 19
4178 6
4179 16
4180 3
4181 15
4182 8
4183 5
4184 7
4185 32
4186 24
4187 5
4188 3
4189 24
4190 6
4191 19
4192 5
4193 19
4194 3
4195 20
4196 7
4197 5
4198 5
4199 19
4200 23
4201 35
4202 16
4203 8
4204 8
4205 4
4206 30
4207 6
4208 24
4209 27
4210 24
4211 17
4212 4
4213 19
4214 19
4215 16
4216 19
4217 20
4218 32
4219 21
4220 3
4221 24
4222 24
4223 17
4224 4
4225 17
4226 11
4227 24
4228 25
4229 6
4230 7
4231 6
4232 7
4233 19
4234 18
4235 10
4236 21
4237 16
4238 2
4239 24
4240 36
4241 5
4242 16
4243 10
4244 6
4245 8
4246 22
4247 30
4248 5
4249 2
4250 16
4251 24
4252 5
4253 16
4254 38
4255 6
4256 7
4257 11
4258 32
4259 7
4260 5
4261 2
4262 2
4263 10
4264 2
4265 30
4266 6
4267 33
4268 32
4269 16
4270 8
4271 19
4272 24
4273 2
4274 2
4275 14
4276 24
4277 19
4278 24
4279 17
4280 7
4281 8
4282 19
4283 9
4284 3
4285 13
4286 32
4287 2
4288 17
4289 24
4290 2
4291 21
4292 6
4293 11
4294 5
4295 32
4296 22
4297 30
4298 10
4299 32
4300 19
4301 16
4302 3
4303 3
4304 30
4305 33
4306 19
4307 17
4308 8
4309 5
4310 5
4311 24
4312 32
4313 19
4314 24
4315 7
4316 8
4317 16
4318 8
4319 6
4320 21
4321 22
4322 7
4323 19
4324 2
4325 15
4326 24
4327 8
4328 2
4329 30
4330 16
4331 32
4332 19
4333 19
4334 17
4335 24
4336 36
4337 17
4338 6
4339 10
4340 6
4341 24
4342 24
4343 6
4344 14
4345 30
4346 19
4347 19
4348 1
4349 5
4350 19
4351 8
4352 19
4353 6
4354 5
4355 13
4356 23
4357 16
4358 11
4359 16
4360 2
4361 17
4362 30
4363 5
4364 6
4365 23
4366 8
4367 5
4368 8
4369 17
4370 14
4371 7
4372 33
4373 6
4374 5
4375 21
4376 5
4377 26
4378 6
4379 5
4380 21
4381 28
4382 32
4383 2
4384 2
4385 24
4386 18
4387 8
4388 20
4389 14
4390 6
4391 21
4392 33
4393 10
4394 32
4395 19
4396 5
4397 14
4398 2
4399 30
4400 19
4401 19
4402 26
4403 6
4404 16
4405 19
4406 6
4407 30
4408 9
4409 24
4410 16
4411 23
4412 6
4413 6
4414 19
4415 21
4416 8
4417 5
4418 5
4419 11
4420 15
4421 17
4422 11
4423 24
4424 5
4425 23
4426 25
4427 5
4428 8
4429 2
4430 8
4431 6
4432 14
4433 5
4434 8
4435 19
4436 2
4437 2
4438 24
4439 30
4440 8
4441 2
4442 8
4443 26
4444 17
4445 36
4446 8
4447 33
4448 21
4449 21
4450 14
4451 5
4452 24
4453 5
4454 22
4455 30
4456 23
4457 6
4458 6
4459 6
4460 2
4461 4
4462 20
4463 30
4464 36
4465 16
4466 17
4467 5
4468 5
4469 5
4470 1
4471 3
4472 5
4473 2
4474 9
4475 3
4476 6
4477 8
4478 18
4479 19
4480 32
4481 4
4482 11
4483 14
4484 5
4485 24
4486 24
4487 28
4488 6
4489 7
4490 19
4491 19
4492 5
4493 33
4494 16
4495 25
4496 3
4497 38
4498 32
4499 19
4500 8
4501 6
4502 5
4503 21
4504 19
4505 5
4506 18
4507 6
4508 18
4509 21
4510 9
4511 5
4512 19
4513 19
4514 21
4515 19
4516 27
4517 26
4518 21
4519 37
4520 14
4521 11
4522 5
4523 8
4524 11
4525 24
4526 19
4527 21
4528 18
4529 19
4530 32
4531 11
4532 9
4533 24
4534 21
4535 16
4536 3
4537 14
4538 8
4539 14
4540 24
4541 5
4542 33
4543 19
4544 22
4545 3
4546 8
4547 19
4548 21
4549 10
4550 6
4551 25
4552 21
4553 2
4554 25
4555 14
4556 13
4557 3
4558 22
4559 7
4560 5
4561 16
4562 17
4563 7
4564 33
4565 19
4566 19
4567 18
4568 11
4569 6
4570 6
4571 8
4572 6
4573 3
4574 32
4575 6
4576 24
4577 29
4578 6
4579 11
4580 23
4581 19
4582 4
4583 19
4584 2
4585 8
4586 3
4587 3
4588 11
4589 19
4590 36
4591 8
4592 19
4593 14
4594 10
4595 19
4596 23
4597 2
4598 11
4599 19
4600 5
4601 10
4602 8
4603 19
4604 24
4605 30
4606 20
4607 5
4608 30
4609 16
4610 21
4611 38
4612 1
4613 16
4614 19
4615 18
4616 8
4617 5
4618 24
4619 5
4620 19
4621 24
4622 32
4623 8
4624 32
4625 10
4626 22
4627 20
4628 24
4629 8
4630 26
4631 7
4632 24
4633 17
4634 7
4635 19
4636 3
4637 19
4638 16
4639 19
4640 19
4641 17
4642 23
4643 19
4644 8
4645 6
4646 16
4647 6
4648 19
4649 3
4650 38
4651 2
4652 8
4653 36
4654 2
4655 11
4656 32
4657 32
4658 36
4659 19
4660 24
4661 16
4662 6
4663 21
4664 19
4665 5
4666 8
4667 3
4668 3
4669 17
4670 9
4671 24
4672 5
4673 21
4674 4
4675 19
4676 22
4677 27
4678 6
4679 6
4680 24
4681 26
4682 21
4683 15
4684 37
4685 16
4686 21
4687 5
4688 16
4689 32
4690 7
4691 6
4692 16
4693 19
4694 25
4695 5
4696 1
4697 24
4698 24
4699 7
4700 19
4701 17
4702 30
4703 10
4704 5
4705 2
4706 30
4707 16
4708 25
4709 22
4710 8
4711 8
4712 9
4713 19
4714 13
4715 36
4716 26
4717 23
4718 5
4719 6
4720 33
4721 24
4722 32
4723 7
4724 2
4725 17
4726 19
4727 24
4728 8
4729 17
4730 5
4731 26
4732 16
4733 2
4734 26
4735 24
4736 19
4737 5
4738 18
4739 30
4740 8
4741 17
4742 11
4743 19
4744 9
4745 2
4746 21
4747 26
4748 31
4749 5
4750 31
4751 24
4752 37
4753 19
4754 6
4755 25
4756 5
4757 24
4758 19
4759 16
4760 19
4761 25
4762 16
4763 24
4764 24
4765 32
4766 19
4767 17
4768 16
4769 14
4770 17
4771 24
4772 17
4773 24
4774 21
4775 24
4776 2
4777 8
4778 3
4779 5
4780 20
4781 33
4782 4
4783 32
4784 7
4785 2
4786 24
4787 8
4788 2
4789 19
4790 30
4791 13
4792 7
4793 14
4794 19
4795 29
4796 19
4797 15
4798 21
4799 29
4800 19
4801 19
4802 24
4803 19
4804 22
4805 4
4806 2
4807 8
4808 23
4809 28
4810 22
4811 17
4812 23
4813 10
4814 19
4815 30
4816 5
4817 17
4818 28
4819 7
4820 19
4821 25
4822 27
4823 30
4824 22
4825 23
4826 28
4827 8
4828 24
4829 2
4830 19
4831 6
4832 19
4833 24
4834 17
4835 5
4836 17
4837 19
4838 38
4839 17
4840 19
4841 19
4842 9
4843 26
4844 28
4845 32
4846 2
4847 25
4848 9
4849 14
4850 5
4851 5
4852 6
4853 5
4854 6
4855 5
4856 11
4857 9
4858 5
4859 5
4860 19
4861 24
4862 3
4863 17
4864 10
4865 23
4866 30
4867 5
4868 29
4869 20
4870 8
4871 6
4872 5
4873 21
4874 5
4875 29
4876 24
4877 5
4878 6
4879 9
4880 21
4881 6
4882 23
4883 32
4884 24
4885 32
4886 16
4887 32
4888 24
4889 17
4890 7
4891 6
4892 16
4893 17
4894 24
4895 27
4896 17
4897 29
4898 30
4899 16
4900 5
4901 19
4902 10
4903 6
4904 29
4905 10
4906 6
4907 16
4908 19
4909 35
4910 25
4911 18
4912 7
4913 7
4914 19
4915 17
4916 8
4917 4
4918 24
4919 5
4920 7
4921 26
4922 19
4923 29
4924 7
4925 37
4926 2
4927 7
4928 19
4929 5
4930 19
4931 19
4932 16
4933 5
4934 15
4935 24
4936 17
4937 36
4938 6
4939 21
4940 20
4941 8
4942 19
4943 29
4944 19
4945 16
4946 2
4947 8
4948 8
4949 19
4950 19
4951 14
4952 33
4953 11
4954 10
4955 11
4956 29
4957 19
4958 8
4959 16
4960 8
4961 15
4962 19
4963 24
4964 32
4965 19
4966 37
4967 19
4968 7
4969 6
4970 3
4971 19
4972 17
4973 14
4974 19
4975 3
4976 27
4977 3
4978 19
4979 5
4980 21
4981 16
4982 13
4983 11
4984 6
4985 30
4986 2
4987 10
4988 19
4989 8
4990 36
4991 19
4992 29
4993 3
4994 30
4995 5
4996 19
4997 26
4998 24
4999 25
5000 28
5001 17
5002 10
5003 8
5004 22
5005 16
5006 19
5007 7
5008 19
5009 3
5010 5
5011 3
5012 5
5013 16
5014 36
5015 5
5016 4
5017 8
5018 24
5019 2
5020 5
5021 16
5022 22
5023 3
5024 17
5025 17
5026 14
5027 14
5028 21
5029 28
5030 32
5031 8
5032 7
5033 11
5034 5
5035 6
5036 19
5037 8
5038 22
5039 19
5040 22
5041 30
5042 21
5043 24
5044 29
5045 20
5046 19
5047 36
5048 7
5049 19
5050 19
5051 11
5052 19
5053 5
5054 19
5055 8
5056 22
5057 19
5058 27
5059 24
5060 27
5061 17
5062 32
5063 11
5064 22
5065 24
5066 2
5067 8
5068 19
5069 19
5070 15
5071 35
5072 6
5073 7
5074 24
5075 19
5076 27
5077 22
5078 24
5079 19
5080 19
5081 19
5082 6
5083 14
5084 5
5085 14
5086 17
5087 16
5088 20
5089 24
5090 8
5091 21
5092 19
5093 36
5094 25
5095 22
5096 5
5097 26
5098 7
5099 30
5100 15
5101 20
5102 8
5103 32
5104 24
5105 8
5106 8
5107 8
5108 8
5109 8
5110 8
5111 35
5112 17
5113 4
5114 5
5115 22
5116 36
5117 8
5118 2
5119 21
5120 3
5121 24
5122 2
5123 23
5124 17
5125 6
5126 29
5127 2
5128 8
5129 26
5130 8
5131 24
5132 24
5133 24
5134 25
5135 18
5136 22
5137 17
5138 36
5139 11
5140 5
5141 2
5142 8
5143 13
5144 11
5145 11
5146 3
5147 32
5148 8
5149 8
5150 23
5151 32
5152 20
5153 20
5154 36
5155 20
5156 3
5157 20
5158 20
5159 20
5160 24
5161 8
5162 32
5163 30
5164 17
5165 6
5166 27
5167 8
5168 4
5169 10
5170 32
5171 14
5172 14
5173 2
5174 2
5175 9
5176 8
5177 5
5178 17
5179 5
5180 2
5181 24
5182 33
5183 26
5184 2
5185 16
5186 30
5187 23
5188 8
5189 5
5190 8
5191 8
5192 27
5193 6
5194 8
5195 34
5196 18
5197 24
5198 26
5199 25
5200 16
5201 2
5202 21
5203 2
5204 2
5205 16
5206 5
5207 2
5208 21
5209 5
5210 14
5211 19
5212 8
5213 8
5214 32
5215 24
5216 24
5217 30
5218 8
5219 18
5220 5
5221 32
5222 20
5223 8
5224 26
5225 32
5226 26
5227 26
5228 32
5229 5
5230 32
5231 8
5232 23
5233 5
5234 7
5235 30
5236 3
5237 7
5238 23
5239 1
5240 10
5241 5
5242 36
5243 8
5244 14
5245 23
5246 1
5247 5
5248 8
5249 10
5250 5
5251 17
5252 5
5253 7
5254 2
5255 25
5256 14
5257 5
5258 3
5259 14
5260 19
5261 8
5262 10
5263 16
5264 23
5265 18
5266 21
5267 23
5268 14
5269 16
5270 34
5271 5
5272 19
5273 31
5274 19
5275 15
5276 8
5277 24
5278 8
5279 1
5280 36
5281 8
5282 24
5283 16
5284 19
5285 6
5286 6
5287 17
5288 18
5289 19
5290 5
5291 3
5292 8
5293 30
5294 14
5295 20
5296 22
5297 2
5298 4
5299 2
5300 10
5301 32
5302 24
5303 9
5304 6
5305 26
5306 8
5307 8
5308 11
5309 30
5310 22
5311 8
5312 32
5313 30
5314 15
5315 7
5316 5
5317 5
5318 17
5319 8
5320 19
5321 21
5322 7
5323 6
5324 24
5325 25
5326 26
5327 8
5328 20
5329 8
5330 17
5331 16
5332 8
5333 19
5334 17
5335 21
5336 24
5337 2
5338 5
5339 16
5340 24
5341 6
5342 2
5343 30
5344 2
5345 8
5346 10
5347 27
5348 2
5349 7
5350 8
5351 30
5352 1
5353 32
5354 33
5355 17
5356 10
5357 24
5358 8
5359 18
5360 10
5361 17
5362 8
5363 30
5364 5
5365 3
5366 26
5367 20
5368 24
5369 17
5370 14
5371 11
5372 18
5373 19
5374 16
5375 11
5376 17
5377 10
5378 20
5379 32
5380 16
5381 8
5382 24
5383 22
5384 21
5385 22
5386 18
5387 20
5388 10
5389 35
5390 32
5391 7
5392 10
5393 8
5394 5
5395 12
5396 34
5397 4
5398 21
5399 8
5400 26
5401 3
5402 26
5403 2
5404 24
5405 14
5406 20
5407 5
5408 6
5409 8
5410 34
5411 14
5412 10
5413 2
5414 3
5415 8
5416 21
5417 30
5418 23
5419 24
5420 10
5421 1
5422 24
5423 22
5424 20
5425 5
5426 6
5427 8
5428 7
5429 8
5430 19
5431 22
5432 8
5433 24
5434 33
5435 14
5436 17
5437 26
5438 11
5439 6
5440 8
5441 8
5442 8
5443 2
5444 30
5445 8
5446 2
5447 26
5448 35
5449 18
5450 8
5451 11
5452 39
5453 23
5454 5
5455 14
5456 19
5457 32
5458 5
5459 31
5460 8
5461 34
5462 19
5463 8
5464 26
5465 7
5466 32
5467 19
5468 14
5469 24
5470 8
5471 18
5472 32
5473 3
5474 5
5475 24
5476 8
5477 18
5478 24
5479 26
5480 8
5481 30
5482 8
5483 9
5484 9
5485 2
5486 2
5487 3
5488 14
5489 19
5490 22
5491 2
5492 19
5493 8
5494 24
5495 8
5496 20
5497 30
5498 14
5499 39
5500 24
5501 19
5502 19
5503 9
5504 11
5505 2
5506 30
5507 8
5508 19
5509 8
5510 24
5511 32
5512 8
5513 22
5514 19
5515 5
5516 7
5517 21
5518 19
5519 7
5520 32
5521 8
5522 22
5523 7
5524 23
5525 5
5526 9
5527 30
5528 39
5529 8
5530 8
5531 22
5532 32
5533 15
5534 17
5535 8
5536 8
5537 30
5538 22
5539 9
5540 8
5541 20
5542 8
5543 35
5544 7
5545 5
5546 8
5547 2
5548 10
5549 19
5550 21
5551 21
5552 8
5553 8
5554 24
5555 5
5556 21
5557 14
5558 5
5559 21
5560 19
5561 3
5562 4
5563 5
5564 22
5565 32
5566 7
5567 2
5568 10
5569 8
5570 8
5571 30
5572 8
5573 18
5574 5
5575 5
5576 20
5577 10
5578 3
5579 24
5580 30
5581 7
5582 20
5583 32
5584 32
5585 8
5586 8
5587 5
5588 8
5589 20
5590 8
5591 24
5592 26
5593 9
5594 13
5595 14
5596 21
5597 27
5598 5
5599 24
5600 10
5601 27
5602 8
5603 10
5604 30
5605 8
5606 5
5607 7
5608 11
5609 21
5610 32
5611 21
5612 8
5613 20
5614 8
5615 8
5616 5
5617 22
5618 24
5619 2
5620 32
5621 5
5622 30
5623 5
5624 8
5625 32
5626 26
5627 24
5628 23
5629 9
5630 24
5631 32
5632 24
5633 8
5634 6
5635 26
5636 8
5637 21
5638 17
5639 8
5640 30
5641 24
5642 29
5643 32
5644 8
5645 23
5646 23
5647 26
5648 24
5649 12
5650 18
5651 24
5652 11
5653 24
5654 5
5655 8
5656 8
5657 8
5658 7
5659 29
5660 32
5661 2
5662 20
5663 7
5664 18
5665 3
5666 7
5667 10
5668 8
5669 17
5670 24
5671 5
5672 27
5673 22
5674 26
5675 8
5676 10
5677 31
5678 7
5679 20
5680 1
5681 8
5682 8
5683 31
5684 24
5685 8
5686 32
5687 8
5688 18
5689 8
5690 30
5691 2
5692 2
5693 8
5694 8
5695 20
5696 22
5697 22
5698 16
5699 24
5700 10
5701 22
5702 5
5703 8
5704 31
5705 6
5706 14
5707 11
5708 5
5709 11
5710 32
5711 5
5712 8
5713 8
5714 3
5715 2
5716 2
5717 8
5718 22
5719 5
5720 36
5721 10
5722 32
5723 21
5724 7
5725 4
5726 4
5727 26
5728 8
5729 30
5730 3
5731 2
5732 7
5733 3
5734 23
5735 30
5736 11
5737 5
5738 4
5739 8
5740 8
5741 2
5742 18
5743 10
5744 8
5745 9
5746 14
5747 10
5748 24
5749 10
5750 24
5751 8
5752 8
5753 32
5754 6
5755 8
5756 21
5757 19
5758 21
5759 8
5760 26
5761 23
5762 11
5763 6
5764 2
5765 29
5766 8
5767 10
5768 8
5769 31
5770 8
5771 29
5772 8
5773 9
5774 8
5775 24
5776 8
5777 8
5778 8
5779 2
5780 5
5781 9
5782 35
5783 27
5784 10
5785 20
5786 24
5787 19
5788 24
5789 20
5790 5
5791 3
5792 22
5793 17
5794 8
5795 14
5796 5
5797 18
5798 35
5799 1
5800 3
5801 8
5802 32
5803 11
5804 30
5805 24
5806 32
5807 9
5808 8
5809 17
5810 26
5811 31
5812 35
5813 18
5814 33
5815 32
5816 17
5817 23
5818 22
5819 2
5820 8
5821 10
5822 7
5823 4
5824 26
5825 10
5826 7
5827 24
5828 24
5829 34
5830 17
5831 17
5832 36
5833 32
5834 8
5835 11
5836 24
5837 26
5838 22
5839 10
5840 9
5841 8
5842 9
5843 8
5844 23
5845 17
5846 8
5847 2
5848 24
5849 32
5850 2
5851 24
5852 18
5853 8
5854 8
5855 6
5856 20
5857 2
5858 4
5859 8
5860 4
5861 9
5862 8
5863 6
5864 9
5865 30
5866 3
5867 24
5868 2
5869 20
5870 17
5871 11
5872 19
5873 9
5874 24
5875 25
5876 20
5877 20
5878 8
5879 2
5880 30
5881 8
5882 8
5883 20
5884 30
5885 16
5886 32
5887 8
5888 20
5889 25
5890 20
5891 25
5892 8
5893 5
5894 8
5895 5
5896 8
5897 19
5898 14
5899 17
5900 17
5901 33
5902 30
5903 24
5904 19
5905 10
5906 10
5907 5
5908 10
5909 26
5910 26
5911 24
5912 19
5913 2
5914 6
5915 2
5916 30
5917 16
5918 20
5919 20
5920 5
5921 19
5922 16
5923 10
5924 19
5925 8
5926 9
5927 32
5928 17
5929 19
5930 26
5931 19
5932 16
5933 18
5934 24
5935 24
5936 3
5937 8
5938 18
5939 17
5940 21
5941 16
5942 24
5943 8
5944 19
5945 24
5946 20
5947 25
5948 36
5949 10
5950 33
5951 16
5952 6
5953 37
5954 19
5955 6
5956 23
5957 18
5958 7
5959 2
5960 31
5961 15
5962 13
5963 32
5964 8
5965 7
5966 19
5967 21
5968 20
5969 19
5970 19
5971 19
5972 24
5973 19
5974 31
5975 36
5976 22
5977 19
5978 28
5979 19
5980 19
5981 32
5982 10
5983 8
5984 8
5985 19
5986 8
5987 23
5988 26
5989 8
5990 17
5991 17
5992 22
5993 10
5994 32
5995 24
5996 24
5997 8
5998 5
5999 19
6000 19
6001 24
6002 16
6003 16
6004 30
6005 27
6006 26
6007 24
6008 24
6009 24
6010 24
6011 24
6012 24
6013 24
6014 24
6015 2
6016 24
6017 11
6018 11
6019 11
6020 22
6021 11
6022 30
6023 11
6024 18
6025 3
6026 5
6027 32
6028 33
6029 8
6030 8
6031 24
6032 30
6033 11
6034 21
6035 36
6036 21
6037 24
6038 21
6039 21
6040 8
6041 21
6042 23
6043 11
6044 33
6045 8
6046 10
6047 3
6048 36
6049 26
6050 23
6051 2
6052 2
6053 2
6054 6
6055 24
6056 31
6057 6
6058 5
6059 8
6060 5
6061 3
6062 9
6063 3
6064 27
6065 21
6066 3
6067 30
6068 3
6069 24
6070 34
6071 25
6072 6
6073 3
6074 6
6075 2
6076 3
6077 23
6078 32
6079 3
6080 3
6081 3
6082 8
6083 3
6084 3
6085 21
6086 3
6087 24
6088 3
6089 3
6090 2
6091 21
6092 19
6093 8
6094 19
6095 3
6096 19
6097 2
6098 8
6099 6
6100 2
6101 2
6102 2
6103 2
6104 2
6105 2
6106 2
6107 21
6108 21
6109 8
6110 8
6111 8
6112 30
6113 34
6114 16
6115 24
6116 17
6117 7
6118 26
6119 26
6120 5
6121 19
6122 5
6123 8
6124 24
6125 24
6126 8
6127 24
6128 32
6129 26
6130 2
6131 7
6132 7
6133 8
6134 20
6135 24
6136 24
6137 9
6138 8
6139 20
6140 25
6141 20
6142 8
6143 6
6144 21
6145 24
6146 17
6147 22
6148 16
6149 5
6150 14
6151 9
6152 2
6153 6
6154 18
6155 36
6156 14
6157 24
6158 32
6159 8
6160 24
6161 23
6162 6
6163 19
6164 18
6165 19
6166 36
6167 10
6168 6
6169 24
6170 30
6171 17
6172 30
6173 24
6174 10
6175 20
6176 19
6177 5
6178 20
6179 22
6180 20
6181 6
6182 8
6183 32
6184 5
6185 32
6186 5
6187 7
6188 5
6189 17
6190 23
6191 25
6192 33
6193 5
6194 8
6195 32
6196 29
6197 20
6198 8
6199 24
6200 3
6201 34
6202 19
6203 26
6204 32
6205 9
6206 18
6207 30
6208 7
6209 7
6210 19
6211 2
6212 16
6213 35
6214 19
6215 4
6216 26
6217 5
6218 25
6219 5
6220 19
6221 9
6222 19
6223 18
6224 3
6225 30
6226 8
6227 4
6228 9
6229 4
6230 17
6231 2
6232 24
6233 19
6234 8
6235 8
6236 23
6237 8
6238 6
6239 17
6240 19
6241 5
6242 20
6243 19
6244 8
6245 20
6246 2
6247 8
6248 2
6249 7
6250 11
6251 14
6252 36
6253 19
6254 19
6255 19
6256 19
6257 19
6258 20
6259 6
6260 24
6261 9
6262 5
6263 2
6264 5
6265 23
6266 19
6267 12
6268 30
6269 17
6270 8
6271 11
6272 21
6273 1
6274 24
6275 24
6276 24
6277 32
6278 4
6279 10
6280 11
6281 30
6282 23
6283 28
6284 28
6285 8
6286 9
6287 21
6288 21
6289 6
6290 24
6291 32
6292 10
6293 8
6294 17
6295 8
6296 32
6297 7
6298 9
6299 10
6300 5
6301 9
6302 16
6303 19
6304 11
6305 26
6306 1
6307 2
6308 35
6309 15
6310 29
6311 16
6312 30
6313 3
6314 3
6315 6
6316 5
6317 6
6318 30
6319 24
6320 24
6321 27
6322 24
6323 24
6324 24
6325 25
6326 24
6327 24
6328 30
6329 19
6330 33
6331 5
6332 9
6333 11
6334 9
6335 29
6336 30
6337 6
6338 8
6339 26
6340 17
6341 31
6342 7
6343 19
6344 14
6345 3
6346 19
6347 10
6348 17
6349 20
6350 10
6351 32
6352 7
6353 2
6354 10
6355 10
6356 2
6357 16
6358 14
6359 2
6360 19
6361 3
6362 2
6363 15
6364 8
6365 17
6366 4
6367 17
6368 10
6369 25
6370 5
6371 5
6372 24
6373 26
6374 6
6375 23
6376 5
6377 13
6378 25
6379 6
6380 6
6381 5
6382 11
6383 4
6384 6
6385 32
6386 9
6387 9
6388 18
6389 29
6390 6
6391 2
6392 7
6393 10
6394 4
6395 8
6396 23
6397 29
6398 30
6399 1
6400 3
6401 33
6402 5
6403 17
6404 17
6405 35
6406 30
6407 32
6408 19
6409 25
6410 8
6411 19
6412 23
6413 8
6414 17
6415 6
6416 16
6417 20
6418 16
6419 30
6420 26
6421 15
6422 8
6423 9
6424 8
6425 4
6426 24
6427 2
6428 7
6429 7
6430 23
6431 14
6432 2
6433 8
6434 18
6435 19
6436 21
6437 5
6438 7
6439 33
6440 24
6441 2
6442 7
6443 11
6444 23
6445 24
6446 8
6447 5
6448 17
6449 29
6450 8
6451 11
6452 6
6453 16
6454 5
6455 5
6456 18
6457 11
6458 1
6459 16
6460 16
6461 24
6462 8
6463 24
6464 37
6465 5
6466 8
6467 8
6468 16
6469 24
6470 19
6471 16
6472 30
6473 17
6474 5
6475 11
6476 3
6477 7
6478 24
6479 16
6480 6
6481 2
6482 19
6483 30
6484 18
6485 19
6486 19
6487 21
6488 37
6489 24
6490 7
6491 6
6492 35
6493 21
6494 11
6495 38
6496 19
6497 29
6498 3
6499 8
6500 32
6501 5
6502 19
6503 19
6504 36
6505 24
6506 8
6507 13
6508 37
6509 14
6510 6
6511 17
6512 1
6513 30
6514 3
6515 33
6516 6
6517 3
6518 33
6519 3
6520 6
6521 5
6522 6
6523 24
6524 6
6525 5
6526 11
6527 18
6528 9
6529 22
6530 16
6531 36
6532 6
6533 6
6534 23
6535 6
6536 24
6537 6
6538 4
6539 6
6540 9
6541 19
6542 24
6543 8
6544 8
6545 19
6546 24
6547 3
6548 25
6549 6
6550 32
6551 25
6552 32
6553 8
6554 24
6555 30
6556 24
6557 5
6558 14
6559 24
6560 11
6561 17
6562 6
6563 5
6564 20
6565 17
6566 3
6567 19
6568 36
6569 8
6570 5
6571 30
6572 29
6573 27
6574 32
6575 23
6576 23
6577 23
6578 23
6579 30
6580 8
6581 7
6582 6
6583 16
6584 1
6585 23
6586 2
6587 26
6588 24
6589 37
6590 26
6591 2
6592 19
6593 30
6594 8
6595 3
6596 8
6597 8
6598 8
6599 22
6600 8
6601 3
6602 24
6603 11
6604 11
6605 11
6606 10
6607 29
6608 8
6609 8
6610 17
6611 8
6612 6
6613 7
6614 30
6615 19
6616 2
6617 2
6618 17
6619 8
6620 5
6621 17
6622 16
6623 5
6624 10
6625 21
6626 8
6627 10
6628 31
6629 16
6630 9
6631 25
6632 24
6633 8
6634 3
6635 4
6636 8
6637 8
6638 19
6639 11
6640 17
6641 20
6642 19
6643 8
6644 20
6645 10
6646 2
6647 37
6648 35
6649 24
6650 2
6651 24
6652 19
6653 21
6654 2
6655 17
6656 30
6657 22
6658 32
6659 23
6660 24
6661 7
6662 10
6663 8
6664 23
6665 32
6666 4
6667 8
6668 26
6669 10
6670 8
6671 8
6672 14
6673 10
6674 27
6675 8
6676 8
6677 8
6678 5
6679 5
6680 8
6681 23
6682 2
6683 10
6684 8
6685 21
6686 19
6687 2
6688 8
6689 24
6690 22
6691 5
6692 8
6693 30
6694 2
6695 23
6696 18
6697 14
6698 10
6699 27
6700 10
6701 26
6702 32
6703 2
6704 1
6705 8
6706 26
6707 10
6708 8
6709 30
6710 18
6711 8
6712 2
6713 8
6714 24
6715 2
6716 23
6717 11
6718 32
6719 26
6720 24
6721 24
6722 19
6723 30
6724 8
6725 7
6726 9
6727 20
6728 8
6729 36
6730 4
6731 8
6732 14
6733 33
6734 22
6735 23
6736 32
6737 32
6738 32
6739 11
6740 6
6741 16
6742 6
6743 19
6744 32
6745 8
6746 11
6747 23
6748 5
6749 5
6750 32
6751 5
6752 8
6753 8
6754 16
6755 17
6756 17
6757 22
6758 8
6759 17
6760 3
6761 8
6762 8
6763 36
6764 4
6765 19
6766 5
6767 19
6768 19
6769 6
6770 22
6771 19
6772 2
6773 3
6774 19
6775 19
6776 19
6777 19
6778 19
6779 37
6780 19
6781 18
6782 8
6783 36
6784 5
6785 33
6786 5
6787 17
6788 8
6789 21
6790 21
6791 32
6792 17
6793 19
6794 19
6795 36
6796 23
6797 2
6798 5
6799 19
6800 19
6801 3
6802 19
6803 32
6804 25
6805 5
6806 19
6807 5
6808 30
6809 5
6810 7
6811 19
6812 10
6813 24
6814 19
6815 19
6816 5
6817 32
6818 2
6819 19
6820 19
6821 11
6822 17
6823 2
6824 24
6825 24
6826 16
6827 17
6828 14
6829 2
6830 32
6831 24
6832 30
6833 8
6834 29
6835 24
6836 28
6837 16
6838 4
6839 23
6840 19
6841 25
6842 16
6843 24
6844 3
6845 8
6846 16
6847 19
6848 16
6849 32
6850 36
6851 24
6852 22
6853 3
6854 19
6855 19
6856 28
6857 2
6858 3
6859 18
6860 2
6861 21
6862 19
6863 20
6864 30
6865 16
6866 26
6867 19
6868 18
6869 10
6870 24
6871 6
6872 19
6873 10
6874 19
6875 35
6876 15
6877 29
6878 8
6879 19
6880 22
6881 8
6882 19
6883 2
6884 20
6885 2
6886 15
6887 7
6888 7
6889 24
6890 19
6891 5
6892 14
6893 19
6894 33
6895 19
6896 21
6897 24
6898 15
6899 29
6900 6
6901 17
6902 29
6903 19
6904 29
6905 19
6906 6
6907 23
6908 5
6909 24
6910 19
6911 6
6912 16
6913 8
6914 26
6915 21
6916 19
6917 19
6918 36
6919 24
6920 29
6921 36
6922 31
6923 19
6924 16
6925 24
6926 19
6927 10
6928 19
6929 32
6930 26
6931 14
6932 16
6933 21
6934 8
6935 6
6936 19
6937 29
6938 8
6939 2
6940 24
6941 2
6942 27
6943 8
6944 36
6945 29
6946 19
6947 17
6948 10
6949 19
6950 6
6951 24
6952 37
6953 19
6954 19
6955 19
6956 8
6957 6
6958 19
6959 23
6960 19
6961 19
6962 6
6963 19
6964 19
6965 8
6966 19
6967 37
6968 6
6969 19
6970 17
6971 20
6972 2
6973 19
6974 19
6975 5
6976 5
6977 19
6978 19
6979 6
6980 30
6981 17
6982 8
6983 7
6984 8
6985 32
6986 19
6987 8
6988 3
6989 19
6990 36
6991 15
6992 20
6993 19
6994 25
6995 17
6996 19
6997 32
6998 3
6999 6
7000 21
7001 16
7002 18
7003 19
7004 8
7005 17
7006 26
7007 3
7008 15
7009 19
7010 24
7011 2
7012 19
7013 3
7014 26
7015 18
7016 26
7017 11
7018 20
7019 18
7020 8
7021 6
7022 8
7023 24
7024 8
7025 2
7026 8
7027 26
7028 4
7029 5
7030 10
7031 5
7032 8
7033 19
7034 29
7035 19
7036 2
7037 18
7038 24
7039 23
7040 8
7041 5
7042 24
7043 8
7044 8
7045 2
7046 8
7047 32
7048 10
7049 31
7050 30
7051 19
7052 30
7053 2
7054 32
7055 5
7056 5
7057 9
7058 8
7059 8
7060 26
7061 8
7062 29
7063 8
7064 4
7065 9
7066 22
7067 24
7068 8
7069 20
7070 11
7071 8
7072 8
7073 2
7074 23
7075 26
7076 8
7077 14
7078 5
7079 17
7080 30
7081 1
7082 17
7083 8
7084 24
7085 34
7086 22
7087 7
7088 11
7089 2
7090 8
7091 30
7092 38
7093 8
7094 3
7095 8
7096 8
7097 8
7098 17
7099 19
7100 23
7101 24
7102 2
7103 10
7104 8
7105 8
7106 19
7107 35
7108 23
7109 16
7110 8
7111 17
7112 32
7113 5
7114 20
7115 22
7116 2
7117 3
7118 34
7119 7
7120 2
7121 22
7122 30
7123 10
7124 21
7125 9
7126 26
7127 8
7128 3
7129 2
7130 22
7131 7
7132 8
7133 13
7134 22
7135 18
7136 30
7137 35
7138 8
7139 34
7140 26
7141 24
7142 30
7143 24
7144 8
7145 17
7146 8
7147 18
7148 24
7149 32
7150 13
7151 8
7152 3
7153 2
7154 32
7155 8
7156 8
7157 26
7158 23
7159 34
7160 30
7161 32
7162 8
7163 24
7164 3
7165 24
7166 16
7167 32
7168 8
7169 5
7170 30
7171 7
7172 25
7173 30
7174 10
7175 5
7176 20
7177 7
7178 16
7179 10
7180 24
7181 32
7182 24
7183 18
7184 9
7185 8
7186 25
7187 28
7188 7
7189 9
7190 23
7191 24
7192 24
7193 39
7194 5
7195 5
7196 8
7197 17
7198 27
7199 5
7200 8
7201 5
7202 29
7203 24
7204 7
7205 17
7206 3
7207 17
7208 21
7209 6
7210 2
7211 24
7212 2
7213 24
7214 18
7215 24
7216 2
7217 8
7218 30
7219 11
7220 8
7221 2
7222 20
7223 11
7224 31
7225 32
7226 17
7227 8
7228 30
7229 21
7230 17
7231 32
7232 2
7233 8
7234 24
7235 32
7236 8
7237 11
7238 24
7239 24
7240 8
7241 8
7242 25
7243 7
7244 26
7245 19
7246 8
7247 6
7248 23
7249 3
7250 17
7251 7
7252 23
7253 32
7254 5
7255 11
7256 16
7257 33
7258 19
7259 36
7260 2
7261 10
7262 2
7263 6
7264 16
7265 11
7266 20
7267 19
7268 32
7269 21
7270 11
7271 5
7272 22
7273 18
7274 5
7275 15
7276 26
7277 23
7278 17
7279 7
7280 18
7281 13
7282 18
7283 30
7284 18
7285 28
7286 24
7287 3
7288 8
7289 6
7290 5
7291 35
7292 2
7293 16
7294 16
7295 7
7296 8
7297 32
7298 3
7299 23
7300 24
7301 18
7302 15
7303 11
7304 19
7305 4
7306 5
7307 32
7308 3
7309 24
7310 17
7311 7
7312 21
7313 2
7314 26
7315 3
7316 23
7317 2
7318 18
7319 6
7320 31
7321 5
7322 21
7323 29
7324 18
7325 6
7326 5
7327 29
7328 2
7329 2
7330 8
7331 10
7332 10
7333 2
7334 32
7335 17
7336 36
7337 2
7338 24
7339 10
7340 8
7341 23
7342 23
7343 23
7344 23
7345 10
7346 10
7347 8
7348 19
7349 20
7350 36
7351 5
7352 3
7353 3
7354 37
7355 3
7356 3
7357 3
7358 6
7359 29
7360 3
7361 24
7362 14
7363 8
7364 25
7365 5
7366 9
7367 5
7368 18
7369 24
7370 33
7371 16
7372 16
7373 24
7374 6
7375 34
7376 24
7377 35
7378 30
7379 7
7380 14
7381 17
7382 2
7383 24
7384 34
7385 17
7386 26
7387 8
7388 17
7389 20
7390 32
7391 24
7392 20
7393 8
7394 8
7395 3
7396 5
7397 8
7398 16
7399 25
7400 27
7401 16
7402 30
7403 11
7404 19
7405 19
7406 30
7407 8
7408 24
7409 30
7410 9
7411 14
7412 26
7413 11
7414 6
7415 14
7416 16
7417 2
7418 20
7419 32
7420 23
7421 16
7422 30
7423 20
7424 20
7425 5
7426 22
7427 6
7428 6
7429 6
7430 19
7431 8
7432 8
7433 17
7434 2
7435 10
7436 5
7437 3
7438 8
7439 5
7440 10
7441 33
7442 7
7443 10
7444 22
7445 9
7446 10
7447 24
7448 8
7449 6
7450 5
7451 10
7452 19
7453 8
7454 8
7455 30
7456 10
7457 24
7458 29
7459 5
7460 6
7461 18
7462 6
7463 11
7464 19
7465 24
7466 6
7467 32
7468 3
7469 27
7470 17
7471 6
7472 5
7473 21
7474 25
7475 23
7476 34
7477 8
7478 19
7479 8
7480 8
7481 30
7482 6
7483 22
7484 32
7485 3
7486 24
7487 24
7488 24
7489 6
7490 17
7491 10
7492 6
7493 26
7494 6
7495 7
7496 17
7497 5
7498 16
7499 7
7500 24
7501 8
7502 7
7503 20
7504 8
7505 20
7506 14
7507 7
7508 8
7509 17
7510 11
7511 32
7512 17
7513 5
7514 13
7515 23
7516 24
7517 1
7518 5
7519 5
7520 8
7521 5
7522 8
7523 18
7524 22
7525 5
7526 9
7527 5
7528 8
7529 5
7530 27
7531 19
7532 35
7533 32
7534 19
7535 8
7536 32
7537 20
7538 9
7539 27
7540 2
7541 2
7542 29
7543 7
7544 8
7545 20
7546 7
7547 22
7548 19
7549 6
7550 8
7551 22
7552 30
7553 32
7554 16
7555 17
7556 27
7557 2
7558 6
7559 5
7560 2
7561 6
7562 2
7563 6
7564 3
7565 22
7566 14
7567 4
7568 17
7569 23
7570 8
7571 5
7572 22
7573 14
7574 22
7575 6
7576 36
7577 27
7578 11
7579 20
7580 5
7581 17
7582 30
7583 26
7584 3
7585 31
7586 8
7587 3
7588 17
7589 22
7590 32
7591 7
7592 26
7593 8
7594 19
7595 20
7596 9
7597 2
7598 23
7599 24
7600 3
7601 8
7602 5
7603 11
7604 9
7605 21
7606 25
7607 3
7608 9
7609 31
7610 26
7611 8
7612 23
7613 8
7614 35
7615 9
7616 23
7617 5
7618 5
7619 14
7620 8
7621 3
7622 22
7623 11
7624 24
7625 23
7626 32
7627 3
7628 1
7629 19
7630 10
7631 3
7632 20
7633 22
7634 8
7635 8
7636 10
7637 8
7638 21
7639 18
7640 18
7641 6
7642 8
7643 30
7644 5
7645 10
7646 24
7647 8
7648 2
7649 7
7650 14
7651 11
7652 9
7653 7
7654 7
7655 20
7656 23
7657 1
7658 30
7659 22
7660 8
7661 31
7662 3
7663 8
7664 17
7665 24
7666 10
7667 37
7668 8
7669 22
7670 8
7671 19
7672 9
7673 2
7674 32
7675 3
7676 14
7677 2
7678 24
7679 24
7680 32
7681 6
7682 17
7683 21
7684 8
7685 6
7686 30
7687 20
7688 8
7689 7
7690 11
7691 30
7692 24
7693 13
7694 8
7695 20
7696 30
7697 30
7698 9
7699 36
7700 24
7701 23
7702 19
7703 7
7704 9
7705 1
7706 24
7707 18
7708 24
7709 12
7710 5
7711 26
7712 35
7713 32
7714 4
7715 26
7716 11
7717 9
7718 24
7719 1
7720 14
7721 32
7722 35
7723 5
7724 21
7725 26
7726 8
7727 32
7728 2
7729 36
7730 9
7731 9
7732 2
7733 22
7734 9
7735 27
7736 3
7737 30
7738 8
7739 2
7740 26
7741 18
7742 8
7743 18
7744 21
7745 11
7746 8
7747 25
7748 18
7749 3
7750 20
7751 17
7752 8
7753 22
7754 10
7755 8
7756 18
7757 21
7758 8
7759 3
7760 32
7761 5
7762 24
7763 24
7764 22
7765 11
7766 24
7767 7
7768 8
7769 32
7770 3
7771 9
7772 26
7773 21
7774 8
7775 2
7776 5
7777 10
7778 7
7779 22
7780 2
7781 23
7782 8
7783 23
7784 8
7785 21
7786 24
7787 10
7788 16
7789 20
7790 5
7791 21
7792 19
7793 20
7794 16
7795 16
7796 10
7797 19
7798 24
7799 7
7800 30
7801 8
7802 11
7803 15
7804 29
7805 19
7806 26
7807 20
7808 14
7809 14
7810 14
7811 21
7812 14
7813 14
7814 19
7815 14
7816 2
7817 32
7818 8
7819 6
7820 24
7821 13
7822 6
7823 24
7824 24
7825 16
7826 15
7827 17
7828 33
7829 27
7830 9
7831 8
7832 14
7833 30
7834 20
7835 20
7836 6
7837 5
7838 24
7839 8
7840 19
7841 10
7842 8
7843 4
7844 3
7845 26
7846 30
7847 26
7848 22
7849 5
7850 8
7851 2
7852 23
7853 20
7854 2
7855 8
7856 33
7857 8
7858 5
7859 30
7860 9
7861 5
7862 30
7863 25
7864 30
7865 20
7866 9
7867 36
7868 18
7869 8
7870 6
7871 30
7872 8
7873 23
7874 3
7875 25
7876 2
7877 3
7878 16
7879 3
7880 8
7881 8
7882 2
7883 24
7884 5
7885 32
7886 8
7887 24
7888 24
7889 8
7890 2
7891 2
7892 27
7893 16
7894 6
7895 14
7896 19
7897 31
7898 11
7899 17
7900 8
7901 32
7902 19
7903 31
7904 30
7905 19
7906 14
7907 8
7908 21
7909 19
7910 20
7911 6
7912 8
7913 24
7914 17
7915 32
7916 26
7917 6
7918 24
7919 21
7920 22
7921 24
7922 25
7923 22
7924 2
7925 30
7926 35
7927 22
7928 16
7929 19
7930 6
7931 10
7932 8
7933 5
7934 11
7935 24
7936 10
7937 16
7938 8
7939 9
7940 19
7941 12
7942 2
7943 30
7944 5
7945 5
7946 2
7947 22
7948 30
7949 24
7950 1
7951 3
7952 5
7953 2
7954 24
7955 20
7956 22
7957 2
7958 19
7959 2
7960 5
7961 24
7962 19
7963 19
7964 7
7965 19
7966 5
7967 3
7968 16
7969 4
7970 5
7971 8
7972 16
7973 24
7974 2
7975 2
7976 2
7977 23
7978 8
7979 35
7980 8
7981 35
7982 30
7983 35
7984 37
7985 9
7986 21
7987 6
7988 5
7989 5
7990 36
7991 11
7992 11
7993 34
7994 30
7995 22
7996 8
7997 32
7998 17
7999 22
8000 22
8001 33
8002 11
8003 3
8004 35
8005 24
8006 26
8007 4
8008 19
8009 16
8010 17
8011 18
8012 24
8013 29
8014 24
8015 5
8016 4
8017 32
8018 3
8019 24
8020 8
8021 8
8022 8
8023 6
8024 8
8025 30
8026 8
8027 30
8028 24
8029 30
8030 5
8031 17
8032 17
8033 19
8034 5
8035 8
8036 9
8037 8
8038 8
8039 24
8040 8
8041 19
8042 3
8043 28
8044 10
8045 10
8046 3
8047 24
8048 8
8049 24
8050 11
8051 11
8052 22
8053 4
8054 22
8055 14
8056 24
8057 16
8058 20
8059 32
8060 32
8061 23
8062 30
8063 25
8064 21
8065 19
8066 11
8067 24
8068 8
8069 6
8070 11
8071 8
8072 25
8073 8
8074 30
8075 20
8076 17
8077 9
8078 6
8079 5
8080 7
8081 32
8082 18
8083 6
8084 22
8085 2
8086 14
8087 8
8088 33
8089 24
8090 22
8091 8
8092 2
8093 18
8094 10
8095 25
8096 10
8097 7
8098 8
8099 24
8100 11
8101 11
8102 5
8103 5
8104 16
8105 16
8106 20
8107 8
8108 16
8109 24
8110 33
8111 9
8112 19
8113 7
8114 2
8115 6
8116 8
8117 28
8118 21
8119 7
8120 26
8121 7
8122 7
8123 7
8124 28
8125 23
8126 18
8127 23
8128 22
8129 16
8130 19
8131 14
8132 32
8133 5
8134 4
8135 18
8136 5
8137 36
8138 6
8139 5
8140 32
8141 36
8142 23
8143 5
8144 32
8145 19
8146 2
8147 17
8148 24
8149 5
8150 24
8151 7
8152 1
8153 18
8154 8
8155 7
8156 8
8157 9
8158 24
8159 8
8160 6
8161 5
8162 24
8163 24
8164 24
8165 24
8166 23
8167 10
8168 10
8169 24
8170 24
8171 24
8172 24
8173 34
8174 30
8175 24
8176 20
8177 22
8178 18
8179 10
8180 9
8181 20
8182 32
8183 20
8184 25
8185 2
8186 8
8187 8
8188 32
8189 24
8190 5
8191 19
8192 6
8193 13
8194 34
8195 6
8196 12
8197 5
8198 2
8199 9
8200 30
8201 11
8202 24
8203 5
8204 19
8205 5
8206 18
8207 14
8208 22
8209 22
8210 7
8211 7
8212 2
8213 10
8214 18
8215 7
8216 21
8217 10
8218 7
8219 22
8220 22
8221 22
8222 32
8223 3
8224 17
8225 20
8226 7
8227 7
8228 7
8229 6
8230 19
8231 5
8232 11
8233 24
8234 19
8235 2
8236 16
8237 32
8238 3
8239 8
8240 14
8241 7
8242 5
8243 20
8244 8
8245 21
8246 8
8247 27
8248 19
8249 8
8250 19
8251 28
8252 8
8253 3
8254 12
8255 16
8256 28
8257 24
8258 16
8259 25
8260 16
8261 25
8262 36
8263 24
8264 12
8265 23
8266 6
8267 3
8268 27
8269 25
8270 5
8271 5
8272 16
8273 17
8274 30
8275 1
8276 5
8277 7
8278 17
8279 8
8280 8
8281 2
8282 24
8283 20
8284 23
8285 20
8286 20
8287 22
8288 7
8289 28
8290 7
8291 11
8292 10
8293 10
8294 20
8295 24
8296 8
8297 2
8298 31
8299 2
8300 32
8301 21
8302 17
8303 13
8304 8
8305 31
8306 32
8307 11
8308 11
8309 24
8310 9
8311 18
8312 30
8313 6
8314 16
8315 24
8316 15
8317 6
8318 6
8319 23
8320 24
8321 6
8322 33
8323 5
8324 7
8325 7
8326 7
8327 7
8328 8
8329 8
8330 24
8331 14
8332 6
8333 2
8334 3
8335 23
8336 8
8337 19
8338 6
8339 26
8340 8
8341 19
8342 8
8343 14
8344 7
8345 2
8346 15
8347 36
8348 3
8349 35
8350 10
8351 8
8352 17
8353 29
8354 6
8355 24
8356 3
8357 30
8358 24
8359 8
8360 33
8361 3
8362 24
8363 7
8364 7
8365 5
8366 24
8367 3
8368 36
8369 6
8370 6
8371 6
8372 6
8373 22
8374 6
8375 3
8376 2
8377 2
8378 17
8379 10
8380 7
8381 8
8382 6
8383 15
8384 36
8385 3
8386 17
8387 24
8388 22
8389 23
8390 23
8391 30
8392 34
8393 24
8394 8
8395 6
8396 19
8397 26
8398 37
8399 28
8400 19
8401 6
8402 9
8403 36
8404 2
8405 26
8406 9
8407 17
8408 17
8409 19
8410 14
8411 10
8412 18
8413 20
8414 8
8415 29
8416 25
8417 32
8418 23
8419 6
8420 18
8421 17
8422 16
8423 16
8424 32
8425 28
8426 3
8427 17
8428 8
8429 32
8430 29
8431 6
8432 2
8433 5
8434 39
8435 16
8436 19
8437 7
8438 18
8439 19
8440 19
8441 3
8442 5
8443 5
8444 8
8445 9
8446 21
8447 4
8448 5
8449 10
8450 22
8451 4
8452 6
8453 10
8454 6
8455 10
8456 24
8457 8
8458 14
8459 19
8460 21
8461 19
8462 2
8463 6
8464 24
8465 8
8466 5
8467 7
8468 14
8469 21
8470 19
8471 23
8472 7
8473 30
8474 30
8475 24
8476 24
8477 17
8478 17
8479 2
8480 19
8481 24
8482 23
8483 27
8484 19
8485 7
8486 30
8487 32
8488 6
8489 27
8490 28
8491 17
8492 9
8493 14
8494 32
8495 32
8496 20
8497 20
8498 24
8499 6
8500 32
8501 26
8502 10
8503 5
8504 8
8505 8
8506 25
8507 24
8508 13
8509 3
8510 17
8511 29
8512 7
8513 5
8514 21
8515 8
8516 19
8517 24
8518 32
8519 26
8520 8
8521 14
8522 22
8523 8
8524 10
8525 17
8526 2
8527 26
8528 30
8529 2
8530 18
8531 2
8532 11
8533 3
8534 17
8535 19
8536 11
8537 32
8538 30
8539 27
8540 2
8541 32
8542 5
8543 34
8544 3
8545 24
8546 19
8547 5
8548 8
8549 8
8550 2
8551 17
8552 6
8553 3
8554 6
8555 19
8556 14
8557 32
8558 5
8559 5
8560 6
8561 24
8562 9
8563 8
8564 33
8565 8
8566 16
8567 22
8568 20
8569 2
8570 20
8571 5
8572 5
8573 19
8574 24
8575 19
8576 19
8577 10
8578 30
8579 5
8580 32
8581 14
8582 17
8583 24
8584 14
8585 16
8586 19
8587 33
8588 10
8589 6
8590 20
8591 11
8592 17
8593 24
8594 16
8595 2
8596 10
8597 8
8598 6
8599 6
8600 8
8601 17
8602 25
8603 8
8604 20
8605 16
8606 7
8607 5
8608 8
8609 4
8610 5
8611 24
8612 8
8613 10
8614 20
8615 3
8616 19
8617 3
8618 5
8619 19
8620 16
8621 5
8622 19
8623 19
8624 5
8625 5
8626 24
8627 22
8628 22
8629 17
8630 24
8631 3
8632 29
8633 24
8634 5
8635 32
8636 20
8637 15
8638 25
8639 16
8640 19
8641 19
8642 15
8643 21
8644 6
8645 17
8646 15
8647 2
8648 37
8649 8
8650 23
8651 4
8652 24
8653 19
8654 5
8655 20
8656 10
8657 5
8658 10
8659 5
8660 23
8661 12
8662 24
8663 24
8664 3
8665 16
8666 3
8667 11
8668 24
8669 16
8670 16
8671 24
8672 8
8673 5
8674 18
8675 20
8676 8
8677 19
8678 6
8679 25
8680 7
8681 7
8682 24
8683 24
8684 6
8685 24
8686 8
8687 20
8688 19
8689 1
8690 36
8691 7
8692 19
8693 8
8694 10
8695 29
8696 17
8697 8
8698 11
8699 36
8700 25
8701 17
8702 19
8703 3
8704 20
8705 24
8706 18
8707 8
8708 17
8709 5
8710 11
8711 16
8712 24
8713 8
8714 5
8715 24
8716 6
8717 6
8718 24
8719 30
8720 29
8721 8
8722 20
8723 11
8724 24
8725 24
8726 6
8727 22
8728 19
8729 8
8730 20
8731 32
8732 14
8733 30
8734 16
8735 17
8736 24
8737 20
8738 4
8739 36
8740 6
8741 18
8742 19
8743 2
8744 22
8745 14
8746 6
8747 30
8748 9
8749 9
8750 30
8751 29
8752 8
8753 11
8754 5
8755 17
8756 19
8757 17
8758 17
8759 9
8760 17
8761 17
8762 33
8763 7
8764 32
8765 18
8766 17
8767 5
8768 24
8769 24
8770 24
8771 8
8772 24
8773 32
8774 5
8775 19
8776 30
8777 16
8778 24
8779 6
8780 7
8781 6
8782 19
8783 6
8784 6
8785 7
8786 9
8787 25
8788 14
8789 2
8790 4
8791 4
8792 8
8793 17
8794 11
8795 8
8796 2
8797 17
8798 3
8799 32
8800 23
8801 10
8802 2
8803 2
8804 8
8805 19
8806 32
8807 7
8808 6
8809 32
8810 32
8811 8
8812 6
8813 32
8814 14
8815 6
8816 8
8817 7
8818 25
8819 22
8820 7
8821 27
8822 26
8823 29
8824 5
8825 30
8826 24
8827 8
8828 24
8829 34
8830 2
8831 22
8832 2
8833 2
8834 9
8835 8
8836 8
8837 23
8838 27
8839 2
8840 2
8841 24
8842 24
8843 8
8844 24
8845 2
8846 27
8847 19
8848 5
8849 31
8850 32
8851 2
8852 5
8853 5
8854 24
8855 11
8856 11
8857 2
8858 23
8859 14
8860 5
8861 9
8862 10
8863 5
8864 8
8865 32
8866 28
8867 24
8868 6
8869 18
8870 19
8871 9
8872 5
8873 21
8874 21
8875 24
8876 6
8877 5
8878 36
8879 3
8880 21
8881 16
8882 16
8883 19
8884 26
8885 2
8886 2
8887 21
8888 17
8889 6
8890 8
8891 3
8892 27
8893 19
8894 17
8895 9
8896 29
8897 2
8898 27
8899 5
8900 3
8901 2
8902 20
8903 23
8904 8
8905 13
8906 15
8907 35
8908 9
8909 29
8910 16
8911 24
8912 6
8913 19
8914 6
8915 24
8916 3
8917 16
8918 8
8919 5
8920 15
8921 2
8922 11
8923 30
8924 35
8925 37
8926 26
8927 5
8928 24
8929 24
8930 24
8931 24
8932 24
8933 24
8934 5
8935 8
8936 8
8937 8
8938 20
8939 24
8940 23
8941 2
8942 8
8943 2
8944 14
8945 14
8946 17
8947 2
8948 23
8949 24
8950 1
8951 37
8952 2
8953 24
8954 8
8955 8
8956 24
8957 8
8958 32
8959 19
8960 13
8961 5
8962 26
8963 9
8964 23
8965 18
8966 9
8967 30
8968 12
8969 8
8970 34
8971 21
8972 16
8973 3
8974 5
8975 5
8976 11
8977 5
8978 10
8979 10
8980 10
8981 19
8982 30
8983 33
8984 7
8985 9
8986 7
8987 7
8988 7
8989 7
8990 7
8991 7
8992 7
8993 18
8994 22
8995 7
8996 7
8997 7
8998 7
8999 7
9000 8
9001 23
9002 7
9003 7
9004 7
9005 7
9006 7
9007 7
9008 24
9009 7
9010 7
9011 7
9012 7
9013 8
9014 7
9015 7
9016 7
9017 7
9018 7
9019 25
9020 8
9021 7
9022 14
9023 7
9024 7
9025 22
9026 7
9027 7
9028 6
9029 22
9030 7
9031 7
9032 14
9033 7
9034 11
9035 7
9036 7
9037 7
9038 36
9039 7
9040 7
9041 7
9042 22
9043 7
9044 7
9045 7
9046 7
9047 10
9048 19
9049 7
9050 7
9051 7
9052 7
9053 7
9054 20
9055 7
9056 7
9057 37
9058 7
9059 9
9060 23
9061 7
9062 7
9063 7
9064 7
9065 34
9066 7
9067 7
9068 7
9069 18
9070 7
9071 20
9072 29
9073 17
9074 7
9075 7
9076 18
9077 7
9078 14
9079 7
9080 33
9081 27
9082 7
9083 22
9084 27
9085 16
9086 7
9087 25
9088 7
9089 7
9090 7
9091 14
9092 7
9093 7
9094 7
9095 7
9096 7
9097 7
9098 7
9099 7
9100 7
9101 7
9102 7
9103 7
9104 7
9105 24
9106 7
9107 7
9108 32
9109 7
9110 33
9111 32
9112 11
9113 7
9114 7
9115 18
9116 14
9117 7
9118 11
9119 14
9120 38
9121 7
9122 7
9123 7
9124 7
9125 21
9126 24
9127 7
9128 7
9129 7
9130 7
9131 14
9132 7
9133 14
9134 7
9135 7
9136 25
9137 8
9138 7
9139 7
9140 7
9141 7
9142 7
9143 7
9144 7
9145 7
9146 7
9147 36
9148 7
9149 7
9150 7
9151 7
9152 25
9153 7
9154 21
9155 7
9156 7
9157 14
9158 7
9159 7
9160 7
9161 7
9162 7
9163 22
9164 14
9165 7
9166 28
9167 7
9168 7
9169 7
9170 8
9171 7
9172 7
9173 7
9174 7
9175 34
9176 36
9177 23
9178 2
9179 2
9180 2
9181 2
9182 2
9183 11
9184 30
9185 23
9186 30
9187 26
9188 2
9189 24
9190 28
9191 17
9192 23
9193 20
9194 8
9195 6
9196 30
9197 6
9198 20
9199 32
9200 14
9201 22
9202 34
9203 17
9204 6
9205 11
9206 7
9207 14
9208 5
9209 26
9210 10
9211 14
9212 30
9213 8
9214 30
9215 25
9216 20
9217 8
9218 23
9219 10
9220 24
9221 22
9222 32
9223 18
9224 8
9225 29
9226 14
9227 14
9228 8
9229 16
9230 21
9231 1
9232 28
9233 23
9234 20
9235 20
9236 2
9237 8
9238 18
9239 28
9240 21
9241 21
9242 21
9243 6
9244 24
9245 23
9246 5
9247 11
9248 16
9249 24
9250 14
9251 4
9252 16
9253 7
9254 8
9255 32
9256 8
9257 24
9258 8
9259 8
9260 22
9261 19
9262 25
9263 16
9264 6
9265 19
9266 8
9267 36
9268 19
9269 11
9270 19
9271 10
9272 30
9273 6
9274 8
9275 35
9276 8
9277 23
9278 12
9279 21
9280 29
9281 6
9282 6
9283 8
9284 30
9285 19
9286 21
9287 6
9288 8
9289 20
9290 32
9291 29
9292 19
9293 5
9294 27
9295 8
9296 33
9297 32
9298 24
9299 24
9300 21
9301 26
9302 19
9303 25
9304 30
9305 14
9306 28
9307 21
9308 5
9309 31
9310 24
9311 25
9312 20
9313 5
9314 17
9315 2
9316 9
9317 23
9318 10
9319 18
9320 1
9321 6
9322 2
9323 8
9324 6
9325 24
9326 24
9327 8
9328 4
9329 27
9330 5
9331 21
9332 27
9333 5
9334 5
9335 35
9336 5
9337 14
9338 2
9339 14
9340 5
9341 3
9342 2
9343 25
9344 30
9345 14
9346 9
9347 9
9348 17
9349 3
9350 5
9351 3
9352 10
9353 10
9354 4
9355 37
9356 14
9357 5
9358 8
9359 8
9360 2
9361 6
9362 20
9363 24
9364 24
9365 8
9366 5
9367 4
9368 3
9369 8
9370 22
9371 30
9372 8
9373 2
9374 24
9375 8
9376 2
9377 5
9378 6
9379 35
9380 23
9381 19
9382 4
9383 23
9384 20
9385 24
9386 24
9387 33
9388 2
9389 32
9390 24
9391 19
9392 5
9393 22
9394 18
9395 24
9396 8
9397 19
9398 25
9399 9
9400 7
9401 6
9402 1
9403 23
9404 19
9405 5
9406 21
9407 2
9408 2
9409 25
9410 32
9411 2
9412 19
9413 11
9414 11
9415 14
9416 11
9417 32
9418 11
9419 20
9420 19
9421 14
9422 2
9423 20
9424 19
9425 16
9426 16
9427 6
9428 5
9429 11
9430 5
9431 21
9432 5
9433 16
9434 26
9435 34
9436 36
9437 4
9438 6
9439 35
9440 19
9441 8
9442 8
9443 24
9444 5
9445 24
9446 24
9447 16
9448 22
9449 18
9450 6
9451 22
9452 7
9453 8
9454 24
9455 37
9456 3
9457 6
9458 2
9459 6
9460 23
9461 8
9462 8
9463 8
9464 8
9465 24
9466 8
9467 8
9468 16
9469 19
9470 20
9471 21
9472 5
9473 5
9474 5
9475 7
9476 3
9477 14
9478 9
9479 32
9480 18
9481 24
9482 24
9483 30
9484 24
9485 24
9486 6
9487 23
9488 23
9489 36
9490 32
9491 20
9492 21
9493 6
9494 9
9495 29
9496 23
9497 8
9498 6
9499 7
9500 14
9501 9
9502 14
9503 8
9504 24
9505 2
9506 6
9507 8
9508 9
9509 8
9510 2
9511 16
9512 16
9513 18
9514 29
9515 21
9516 19
9517 28
9518 2
9519 3
9520 17
9521 16
9522 18
9523 3
9524 8
9525 19
9526 6
9527 10
9528 32
9529 11
9530 24
9531 6
9532 10
9533 9
9534 24
9535 24
9536 8
9537 1
9538 18
9539 8
9540 19
9541 6
9542 21
9543 13
9544 20
9545 26
9546 14
9547 3
9548 23
9549 9
9550 7
9551 5
9552 24
9553 4
9554 7
9555 22
9556 9
9557 21
9558 2
9559 8
9560 11
9561 11
9562 5
9563 16
9564 2
9565 6
9566 2
9567 2
9568 14
9569 2
9570 30
9571 11
9572 19
9573 19
9574 6
9575 2
9576 19
9577 21
9578 26
9579 21
9580 21
9581 2
9582 3
9583 29
9584 1
9585 8
9586 24
9587 16
9588 8
9589 4
9590 24
9591 30
9592 10
9593 3
9594 5
9595 24
9596 2
9597 19
9598 24
9599 29
9600 9
9601 5
9602 3
9603 23
9604 5
9605 8
9606 3
9607 10
9608 17
9609 8
9610 19
9611 16
9612 26
9613 32
9614 11
9615 2
9616 10
9617 9
9618 22
9619 24
9620 28
9621 24
9622 11
9623 4
9624 19
9625 5
9626 20
9627 5
9628 24
9629 23
9630 10
9631 24
9632 36
9633 5
9634 2
9635 9
9636 24
9637 24
9638 8
9639 6
9640 21
9641 17
9642 23
9643 8
9644 24
9645 8
9646 4
9647 19
9648 24
9649 6
9650 26
9651 6
9652 6
9653 9
9654 15
9655 20
9656 8
9657 16
9658 19
9659 6
9660 14
9661 8
9662 16
9663 18
9664 23
9665 3
9666 23
9667 5
9668 6
9669 19
9670 18
9671 6
9672 22
9673 6
9674 36
9675 36
9676 5
9677 32
9678 3
9679 16
9680 8
9681 16
9682 16
9683 15
9684 26
9685 24
9686 24
9687 27
9688 5
9689 32
9690 5
9691 30
9692 8
9693 18
9694 16
9695 17
9696 2
9697 30
9698 23
9699 24
9700 7
9701 30
9702 8
9703 30
9704 5
9705 9
9706 24
9707 24
9708 2
9709 28
9710 33
9711 14
9712 16
9713 25
9714 3
9715 25
9716 17
9717 30
9718 24
9719 5
9720 6
9721 19
9722 24
9723 19
9724 26
9725 3
9726 2
9727 8
9728 6
9729 24
9730 2
9731 24
9732 30
9733 19
9734 9
9735 6
9736 17
9737 24
9738 17
9739 20
9740 1
9741 5
9742 8
9743 31
9744 32
9745 6
9746 17
9747 30
9748 32
9749 14
9750 24
9751 2
9752 8
9753 8
9754 18
9755 8
9756 30
9757 24
9758 11
9759 25
9760 11
9761 13
9762 35
9763 2
9764 19
9765 6
9766 6
9767 36
9768 20
9769 16
9770 24
9771 2
9772 17
9773 31
9774 3
9775 8
9776 6
9777 20
9778 14
9779 18
9780 19
9781 28
9782 11
9783 24
9784 25
9785 9
9786 30
9787 27
9788 26
9789 23
9790 29
9791 14
9792 8
9793 37
9794 37
9795 37
9796 17
9797 9
9798 30
9799 10
9800 6
9801 14
9802 24
9803 5
9804 34
9805 4
9806 19
9807 6
9808 28
9809 23
9810 2
9811 5
9812 25
9813 9
9814 11
9815 8
9816 21
9817 22
9818 29
9819 4
9820 5
9821 6
9822 6
9823 3
9824 6
9825 14
9826 6
9827 6
9828 3
9829 5
9830 10
9831 5
9832 17
9833 19
9834 14
9835 36
9836 4
9837 18
9838 14
9839 6
9840 19
9841 34
9842 32
9843 29
9844 18
9845 3
9846 25
9847 3
9848 3
9849 3
9850 1
9851 18
9852 19
9853 19
9854 21
9855 3
9856 30
9857 29
9858 23
9859 6
9860 19
9861 23
9862 32
9863 30
9864 27
9865 24
9866 24
9867 5
9868 19
9869 29
9870 17
9871 8
9872 21
9873 3
9874 17
9875 32
9876 19
9877 16
9878 6
9879 16
9880 32
9881 18
9882 29
9883 3
9884 11
9885 29
9886 14
9887 5
9888 8
9889 24
9890 36
9891 5
9892 16
9893 1
9894 21
9895 17
9896 24
9897 21
9898 5
9899 3
9900 5
9901 8
9902 19
9903 30
9904 32
9905 8
9906 36
9907 21
9908 6
9909 8
9910 29
9911 10
9912 29
9913 37
9914 22
9915 24
9916 9
9917 11
9918 30
9919 38
9920 2
9921 14
9922 9
9923 15
9924 29
9925 14
9926 36
9927 20
9928 14
9929 17
9930 30
9931 2
9932 26
9933 10
9934 18
9935 29
9936 6
9937 18
9938 16
9939 14
9940 26
9941 24
9942 1
9943 2
9944 4
9945 19
9946 11
9947 33
9948 32
9949 8
9950 38
9951 18
9952 6
9953 19
9954 24
9955 8
9956 21
9957 25
9958 19
9959 19
9960 14
9961 6
9962 8
9963 26
9964 14
9965 5
9966 6
9967 32
9968 32
9969 21
9970 30
9971 31
9972 24
9973 15
9974 8
9975 2
9976 32
9977 6
9978 18
9979 28
9980 8
9981 19
9982 5
9983 35
9984 24
9985 24
9986 2
9987 18
9988 30
9989 14
9990 6
9991 2
9992 24
9993 8
9994 3
9995 26
9996 17
9997 1
9998 14
9999 29
10000 6
10001 3
10002 2
10003 3
10004 19
10005 33
10006 35
10007 8
10008 24
10009 32
10010 19
10011 24
10012 16
10013 24
10014 6
10015 7
10016 4
10017 32
10018 10
10019 24
10020 3
10021 19
10022 12
10023 6
10024 23
10025 36
10026 23
10027 36
10028 23
10029 8
10030 32
10031 20
10032 20
10033 14
10034 19
10035 24
10036 25
10037 17
10038 10
10039 32
10040 23
10041 26
10042 11
10043 19
10044 19
10045 19
10046 14
10047 15
10048 10
10049 16
10050 8
10051 14
10052 24
10053 19
10054 21
10055 6
10056 16
10057 2
10058 8
10059 25
10060 26
10061 36
10062 30
10063 24
10064 32
10065 19
10066 2
10067 2
10068 2
10069 5
10070 5
10071 17
10072 14
10073 38
10074 2
10075 21
10076 16
10077 16
10078 21
10079 10
10080 24
10081 18
10082 8
10083 26
10084 14
10085 8
10086 22
10087 18
10088 6
10089 9
10090 10
10091 14
10092 7
10093 2
10094 9
10095 21
10096 21
10097 16
10098 36
10099 33
10100 37
10101 2
10102 8
10103 6
10104 5
10105 4
10106 22
10107 28
10108 1
10109 14
10110 24
10111 19
10112 8
10113 9
10114 2
10115 24
10116 23
10117 6
10118 36
10119 6
10120 19
10121 6
10122 9
10123 4
10124 26
10125 14
10126 24
10127 8
10128 19
10129 26
10130 29
10131 31
10132 19
10133 5
10134 9
10135 36
10136 5
10137 5
10138 5
10139 22
10140 21
10141 21
10142 8
10143 6
10144 6
10145 8
10146 8
10147 27
10148 23
10149 6
10150 6
10151 17
10152 16
10153 23
10154 24
10155 9
10156 18
10157 9
10158 14
10159 7
10160 6
10161 26
10162 19
10163 28
10164 8
10165 6
10166 20
10167 33
10168 36
10169 2
10170 24
10171 2
10172 8
10173 32
10174 6
10175 8
10176 32
10177 11
10178 5
10179 14
10180 21
10181 24
10182 14
10183 23
10184 5
10185 6
10186 3
10187 32
10188 2
10189 28
10190 3
10191 6
10192 38
10193 6
10194 2
10195 3
10196 3
10197 29
10198 8
10199 19
10200 19
10201 5
10202 19
10203 6
10204 32
10205 24
10206 3
10207 16
10208 29
10209 5
10210 19
10211 22
10212 3
10213 3
10214 36
10215 25
10216 36
10217 11
10218 17
10219 3
10220 16
10221 20
10222 13
10223 30
10224 21
10225 24
10226 2
10227 3
10228 11
10229 20
10230 6
10231 19
10232 4
10233 6
10234 6
10235 14
10236 21
10237 8
10238 5
10239 3
10240 8
10241 31
10242 20
10243 21
10244 6
10245 3
10246 6
10247 3
10248 19
10249 8
10250 9
10251 23
10252 30
10253 27
10254 24
10255 16
10256 6
10257 15
10258 8
10259 21
10260 8
10261 18
10262 10
10263 8
10264 24
10265 26
10266 36
10267 24
10268 6
10269 24
10270 3
10271 23
10272 18
10273 10
10274 15
10275 27
10276 8
10277 8
10278 14
10279 6
10280 32
10281 8
10282 25
10283 26
10284 23
10285 5
10286 8
10287 36
10288 32
10289 6
10290 24
10291 5
10292 20
10293 36
10294 8
10295 8
10296 19
10297 14
10298 38
10299 1
10300 19
10301 6
10302 6
10303 5
10304 18
10305 24
10306 24
10307 6
10308 8
10309 20
10310 36
10311 4
